LastReportedND_x	LastReportedND_y	LastReportedND_z	dronesDensity	totalConflicts	conflictFrequency	currentTime	testVariable	CurrentVariable	timeScale	runTime	speed	queueLength	citySize	BCI	FAI	HVariability	ARVariability	
0	0	0	0	0	0	0.66	SpawnRate	0.5	0.4	3000	10	0	240	0.6	15	0.7	0.2	
0	0	0	0	0	0	1.66	SpawnRate	0.5	0.4	3000	10	0	240	0.6	15	0.7	0.2	
0	0	0	0	0	0	2.66	SpawnRate	0.5	0.4	3000	10	0	240	0.6	15	0.7	0.2	
0	0	0	0	0	0	3.66	SpawnRate	0.5	0.4	3000	10	0	240	0.6	15	0.7	0.2	
0	0	0	0	0	0	4.66	SpawnRate	0.5	0.4	3000	10	0	240	0.6	15	0.7	0.2	
0	0	0	0	0	0	5.66	SpawnRate	0.5	0.4	3000	10	0	240	0.6	15	0.7	0.2	
0	0	0	0	0	0	6.66	SpawnRate	0.5	0.4	3000	10	0	240	0.6	15	0.7	0.2	
0	0	0	0	0	0	7.66	SpawnRate	0.5	0.4	3000	10	0	240	0.6	15	0.7	0.2	
0	0	0	0	0	0	8.66	SpawnRate	0.5	0.4	3000	10	0	240	0.6	15	0.7	0.2	
0	0	0	0	0	0	9.66	SpawnRate	0.5	0.4	3000	10	0	240	0.6	15	0.7	0.2	
0	0	0	0	0	0	10.66	SpawnRate	0.5	0.4	3000	10	0	240	0.6	15	0.7	0.2	
0	0	0	0	0	0	11.66	SpawnRate	0.5	0.4	3000	10	0	240	0.6	15	0.7	0.2	
0	0	0	0	0	0	12.66	SpawnRate	0.5	0.4	3000	10	0	240	0.6	15	0.7	0.2	
0.5079163	0.1445349	0.4900889	0	1	0	13.66	SpawnRate	0.5	0.4	3000	10	0	240	0.6	15	0.7	0.2	
0.5128824	0.1331378	0.5069233	0	3	1	14.66	SpawnRate	0.5	0.4	3000	10	0	240	0.6	15	0.7	0.2	
0.5128824	0.1331378	0.5069233	0	3	2	15.66	SpawnRate	0.5	0.4	3000	10	0	240	0.6	15	0.7	0.2	
0.4361359	0.1295348	-0.5133949	0	4	0	16.66	SpawnRate	0.5	0.4	3000	10	0	240	0.6	15	0.7	0.2	
0.4361359	0.1295348	-0.5133949	0	4	1	17.66	SpawnRate	0.5	0.4	3000	10	0	240	0.6	15	0.7	0.2	
0.4361359	0.1295348	-0.5133949	0	4	0	18.66	SpawnRate	0.5	0.4	3000	10	0	240	0.6	15	0.7	0.2	
0.4361359	0.1295348	-0.5133949	0	4	0	19.66	SpawnRate	0.5	0.4	3000	10	0	240	0.6	15	0.7	0.2	
0.4361359	0.1295348	-0.5133949	0	4	0	20.66	SpawnRate	0.5	0.4	3000	10	0	240	0.6	15	0.7	0.2	
-0.3955237	0.07813522	0.320034	0	6	0	21.66	SpawnRate	0.5	0.4	3000	10	0	240	0.6	15	0.7	0.2	
-0.3955237	0.07813522	0.320034	0	6	2	22.66	SpawnRate	0.5	0.4	3000	10	0	240	0.6	15	0.7	0.2	
-0.3955237	0.07813522	0.320034	0	6	0	23.66	SpawnRate	0.5	0.4	3000	10	0	240	0.6	15	0.7	0.2	
0.4730627	0.1426206	-0.5003302	0	8	0	24.66	SpawnRate	0.5	0.4	3000	10	0	240	0.6	15	0.7	0.2	
0.494012	0.1250656	-0.5211723	0	11	2	25.66	SpawnRate	0.5	0.4	3000	10	0	240	0.6	15	0.7	0.2	
0.494012	0.1250656	-0.5211723	0	11	3	26.66	SpawnRate	0.5	0.4	3000	10	0	240	0.6	15	0.7	0.2	
-0.4508697	0.1853874	-0.2250448	0	16	0	27.66	SpawnRate	0.5	0.4	3000	10	0	240	0.6	15	0.7	0.2	
-0.4445874	0.2037357	-0.2691093	0	19	5	28.66	SpawnRate	0.5	0.4	3000	10	0	240	0.6	15	0.7	0.2	
-0.4633329	0.1993774	-0.2901203	0	29	3	29.66	SpawnRate	0.5	0.4	3000	10	0	240	0.6	15	0.7	0.2	
0.1245807	0.09896919	0.3847711	0	49	10	30.66	SpawnRate	0.5	0.4	3000	10	0	240	0.6	15	0.7	0.2	
-0.4901422	0.3505559	0.08580726	0	68	20	31.66	SpawnRate	0.5	0.4	3000	10	0	240	0.6	15	0.7	0.2	
0.4312562	0.1367151	-0.1255373	0	82	19	32.66	SpawnRate	0.5	0.4	3000	10	0	240	0.6	15	0.7	0.2	
0.1471407	0.585169	0.4146719	0	102	14	33.66	SpawnRate	0.5	0.4	3000	10	0	240	0.6	15	0.7	0.2	
-0.5013468	0.230297	-0.341264	0	120	20	34.66	SpawnRate	0.5	0.4	3000	10	0	240	0.6	15	0.7	0.2	
-0.4972588	0.1971995	-0.3282323	0	136	18	35.66	SpawnRate	0.5	0.4	3000	10	0	240	0.6	15	0.7	0.2	
0.4836865	0.1327307	-0.2428712	0	163	16	36.66	SpawnRate	0.5	0.4	3000	10	0	240	0.6	15	0.7	0.2	
0.4329723	0.1004532	-0.1722422	0	197	27	37.66	SpawnRate	0.5	0.4	3000	10	0	240	0.6	15	0.7	0.2	
-0.1867511	0.09734304	0.1534534	0	217	34	38.66	SpawnRate	0.5	0.4	3000	10	0	240	0.6	15	0.7	0.2	
-0.05193647	0.3093199	-0.313309	0	244	20	39.66	SpawnRate	0.5	0.4	3000	10	0	240	0.6	15	0.7	0.2	
0.4874252	0.1043502	-0.2556629	0	266	27	40.66	SpawnRate	0.5	0.4	3000	10	0	240	0.6	15	0.7	0.2	
0.3905312	0.3026018	0.07459453	0	313	22	41.66	SpawnRate	0.5	0.4	3000	10	0	240	0.6	15	0.7	0.2	
0.08774456	0.250722	-0.3504165	0	352	47	42.66	SpawnRate	0.5	0.4	3000	10	0	240	0.6	15	0.7	0.2	
0.1032336	0.123968	0.1238978	0	406	39	43.66	SpawnRate	0.5	0.4	3000	10	0	240	0.6	15	0.7	0.2	
0.3980965	0.135073	-0.07796386	0	459	54	44.66	SpawnRate	0.5	0.4	3000	10	0	240	0.6	15	0.7	0.2	
-0.02215958	0.255044	-0.3366015	0	507	53	45.66	SpawnRate	0.5	0.4	3000	10	0	240	0.6	15	0.7	0.2	
-0.2599356	0.2331013	-0.05741771	0	549	48	46.66	SpawnRate	0.5	0.4	3000	10	0	240	0.6	15	0.7	0.2	
0.05597245	0.1163548	0.1687052	0	585	42	47.66	SpawnRate	0.5	0.4	3000	10	0	240	0.6	15	0.7	0.2	
-0.2812212	0.2137617	0.1125599	0	631	36	48.66	SpawnRate	0.5	0.4	3000	10	0	240	0.6	15	0.7	0.2	
0.316076	0.2417218	0.1725586	0	666	46	49.66	SpawnRate	0.5	0.4	3000	10	0	240	0.6	15	0.7	0.2	
0.1352888	0.4306951	-0.1357419	0	720	35	50.66	SpawnRate	0.5	0.4	3000	10	0	240	0.6	15	0.7	0.2	
0.3808232	0.2197761	0.1593356	0	758	54	51.66	SpawnRate	0.5	0.4	3000	10	0	240	0.6	15	0.7	0.2	
0.08568681	0.1695588	-0.4524208	0	845	38	52.66	SpawnRate	0.5	0.4	3000	10	0	240	0.6	15	0.7	0.2	
0.331215	0.09243695	0.5068291	0	906	87	53.66	SpawnRate	0.5	0.4	3000	10	0	240	0.6	15	0.7	0.2	
-0.3678525	0.2171533	-0.2372238	0	976	61	54.66	SpawnRate	0.5	0.4	3000	10	0	240	0.6	15	0.7	0.2	
0.08143219	0.1832021	0.1331883	0	1056	70	55.66	SpawnRate	0.5	0.4	3000	10	0	240	0.6	15	0.7	0.2	
0.3539314	0.3166843	0.05974201	0	1148	80	56.66	SpawnRate	0.5	0.4	3000	10	0	240	0.6	15	0.7	0.2	
0.430144	0.121807	-0.5146747	0	1252	92	57.66	SpawnRate	0.5	0.4	3000	10	0	240	0.6	15	0.7	0.2	
-0.1899831	0.1128575	0.4962681	0	1345	104	58.66	SpawnRate	0.5	0.4	3000	10	0	240	0.6	15	0.7	0.2	
0.4920481	0.180824	0.2479727	0	1434	93	59.66	SpawnRate	0.5	0.4	3000	10	0	240	0.6	15	0.7	0.2	
0.09937706	0.2015894	0.3605338	0	1530	89	60.66	SpawnRate	0.5	0.4	3000	10	0	240	0.6	15	0.7	0.2	
0.5260432	0.1387209	0.1034819	0	1612	96	61.66	SpawnRate	0.5	0.4	3000	10	0	240	0.6	15	0.7	0.2	
0.3438171	0.1299652	-0.1887143	0	1741	82	62.66	SpawnRate	0.5	0.4	3000	10	0	240	0.6	15	0.7	0.2	
-0.09020367	0.1989881	0.4410384	0	1852	129	63.66	SpawnRate	0.5	0.4	3000	10	0	240	0.6	15	0.7	0.2	
-0.3393799	0.1453915	0.3256029	0	1964	111	64.66	SpawnRate	0.5	0.4	3000	10	0	240	0.6	15	0.7	0.2	
-0.3654515	0.3685643	-0.2120531	0	2110	112	65.66	SpawnRate	0.5	0.4	3000	10	0	240	0.6	15	0.7	0.2	
-0.2512419	0.2400592	0.1056742	0	2234	146	66.66	SpawnRate	0.5	0.4	3000	10	0	240	0.6	15	0.7	0.2	
0.5104224	0.19312	-0.2908817	0	2356	124	67.66	SpawnRate	0.5	0.4	3000	10	0	240	0.6	15	0.7	0.2	
0.2267223	0.336061	-0.05950139	0	2483	122	68.66	SpawnRate	0.5	0.4	3000	10	0	240	0.6	15	0.7	0.2	
-0.2731448	0.2496108	0.0976951	0	2621	127	69.66	SpawnRate	0.5	0.4	3000	10	0	240	0.6	15	0.7	0.2	
0.2570271	0.2109342	-0.2963688	0	2766	138	70.66	SpawnRate	0.5	0.4	3000	10	0	240	0.6	15	0.7	0.2	
-0.2200664	0.5693839	-0.4499871	0	2894	145	71.66	SpawnRate	0.5	0.4	3000	10	0	240	0.6	15	0.7	0.2	
-0.5022696	0.2613204	-0.3256583	0	3016	128	72.66	SpawnRate	0.5	0.4	3000	10	0	240	0.6	15	0.7	0.2	
0.1923753	0.3876408	0.2607985	0	3145	122	73.66	SpawnRate	0.5	0.4	3000	10	0	240	0.6	15	0.7	0.2	
-0.2002663	0.3091766	-0.135598	0	3274	129	74.66	SpawnRate	0.5	0.4	3000	10	0	240	0.6	15	0.7	0.2	
0.4908683	0.1997697	0.3723867	0	3390	129	75.66	SpawnRate	0.5	0.4	3000	10	0	240	0.6	15	0.7	0.2	
0.1119325	0.2023407	0.1750443	0	3528	116	76.66	SpawnRate	0.5	0.4	3000	10	0	240	0.6	15	0.7	0.2	
0.3494388	0.2646385	0.164245	0	3651	138	77.66	SpawnRate	0.5	0.4	3000	10	0	240	0.6	15	0.7	0.2	
-0.4890076	0.3581415	-0.06940451	0	3795	123	78.66	SpawnRate	0.5	0.4	3000	10	0	240	0.6	15	0.7	0.2	
-0.3312299	0.1186972	0.2434444	0	3939	144	79.66	SpawnRate	0.5	0.4	3000	10	0	240	0.6	15	0.7	0.2	
-0.05415929	0.3680559	-0.2276895	0	4101	144	80.66	SpawnRate	0.5	0.4	3000	10	0	240	0.6	15	0.7	0.2	
-0.4773249	0.3246804	-0.3140605	0	4218	162	81.66	SpawnRate	0.5	0.4	3000	10	0	240	0.6	15	0.7	0.2	
0.3179948	0.2339457	0.1801241	0	4370	117	82.66	SpawnRate	0.5	0.4	3000	10	0	240	0.6	15	0.7	0.2	
-0.149482	0.315599	-0.3646359	0	4522	152	83.66	SpawnRate	0.5	0.4	3000	10	0	240	0.6	15	0.7	0.2	
0.1058301	0.2541814	0.1295591	0	4682	152	84.66	SpawnRate	0.5	0.4	3000	10	0	240	0.6	15	0.7	0.2	
0.06240155	0.08579169	-0.4210141	0	4869	160	85.66	SpawnRate	0.5	0.4	3000	10	0	240	0.6	15	0.7	0.2	
-0.238629	0.2427812	-0.03346799	0	5022	187	86.66	SpawnRate	0.5	0.4	3000	10	0	240	0.6	15	0.7	0.2	
-0.3204695	0.2481491	0.1774764	0	5175	153	87.66	SpawnRate	0.5	0.4	3000	10	0	240	0.6	15	0.7	0.2	
0.06848755	0.1182666	0.07951982	0	5324	153	88.66	SpawnRate	0.5	0.4	3000	10	0	240	0.6	15	0.7	0.2	
-0.109224	0.538175	0.04651384	0	5504	149	89.66	SpawnRate	0.5	0.4	3000	10	0	240	0.6	15	0.7	0.2	
0.01756932	0.09377579	0.1145453	0	5655	180	90.66	SpawnRate	0.5	0.4	3000	10	0	240	0.6	15	0.7	0.2	
-0.06573451	0.2730679	-0.3638761	0	5821	151	91.66	SpawnRate	0.5	0.4	3000	10	0	240	0.6	15	0.7	0.2	
0.2464216	0.3274503	0.008798917	0	6001	166	92.66	SpawnRate	0.5	0.4	3000	10	0	240	0.6	15	0.7	0.2	
0.4956584	0.1733564	0.4874719	0	6160	180	93.66	SpawnRate	0.5	0.4	3000	10	0	240	0.6	15	0.7	0.2	
0.005277188	0.3035856	-0.1490673	0	6305	159	94.66	SpawnRate	0.5	0.4	3000	10	0	240	0.6	15	0.7	0.2	
0.1920301	0.3010784	-0.07707284	0	6468	145	95.66	SpawnRate	0.5	0.4	3000	10	0	240	0.6	15	0.7	0.2	
-0.490441	0.4334237	0.04868606	0	6631	163	96.66	SpawnRate	0.5	0.4	3000	10	0	240	0.6	15	0.7	0.2	
0.1501231	0.2758726	0.06090177	0	6766	163	97.66	SpawnRate	0.5	0.4	3000	10	0	240	0.6	15	0.7	0.2	
0.08781067	0.3466799	-0.0872503	0	6924	135	98.66	SpawnRate	0.5	0.4	3000	10	0	240	0.6	15	0.7	0.2	
0.07430057	0.3290767	-0.08953015	0	7091	158	99.66	SpawnRate	0.5	0.4	3000	10	0	240	0.6	15	0.7	0.2	
0.1092034	0.3484235	-0.08953183	0	7287	167	100.66	SpawnRate	0.5	0.4	3000	10	0	240	0.6	15	0.7	0.2	
0.2859937	0.179538	-0.1076924	0	7438	196	101.66	SpawnRate	0.5	0.4	3000	10	0	240	0.6	15	0.7	0.2	
-0.188254	0.474606	-0.03460503	0	7613	151	102.66	SpawnRate	0.5	0.4	3000	10	0	240	0.6	15	0.7	0.2	
-0.2657827	0.2124915	-0.06288357	0	7776	175	103.66	SpawnRate	0.5	0.4	3000	10	0	240	0.6	15	0.7	0.2	
0.0005231221	0.3271652	-0.02813323	0	7903	163	104.66	SpawnRate	0.5	0.4	3000	10	0	240	0.6	15	0.7	0.2	
-0.03585688	0.4963221	0.0618722	0	8042	127	105.66	SpawnRate	0.5	0.4	3000	10	0	240	0.6	15	0.7	0.2	
-0.2219132	0.1146481	-0.1165638	0	8191	139	106.66	SpawnRate	0.5	0.4	3000	10	0	240	0.6	15	0.7	0.2	
0.3118021	0.297667	-0.2078942	0	8341	149	107.66	SpawnRate	0.5	0.4	3000	10	0	240	0.6	15	0.7	0.2	
0.3773772	0.2920688	0.04696538	0	8476	150	108.66	SpawnRate	0.5	0.4	3000	10	0	240	0.6	15	0.7	0.2	
0.04698645	0.3469929	-0.1301888	0	8589	135	109.66	SpawnRate	0.5	0.4	3000	10	0	240	0.6	15	0.7	0.2	
-0.1769386	0.3816804	0.01022784	0	8727	113	110.66	SpawnRate	0.5	0.4	3000	10	0	240	0.6	15	0.7	0.2	
0.3651074	0.2828815	-0.03568541	0	8871	138	111.66	SpawnRate	0.5	0.4	3000	10	0	240	0.6	15	0.7	0.2	
-0.3938232	0.3802881	-0.04869534	0	9014	144	112.66	SpawnRate	0.5	0.4	3000	10	0	240	0.6	15	0.7	0.2	
0.3580925	0.1271666	-0.07974371	0	9171	143	113.66	SpawnRate	0.5	0.4	3000	10	0	240	0.6	15	0.7	0.2	
0.4678621	0.1289582	-0.2727636	0	9304	157	114.66	SpawnRate	0.5	0.4	3000	10	0	240	0.6	15	0.7	0.2	
0.1182978	0.4814473	0.0678826	0	9460	133	115.66	SpawnRate	0.5	0.4	3000	10	0	240	0.6	15	0.7	0.2	
0.04928287	0.4109733	0.1400928	0	9588	156	116.66	SpawnRate	0.5	0.4	3000	10	0	240	0.6	15	0.7	0.2	
0.3790982	0.2658072	-0.05372562	0	9718	128	117.66	SpawnRate	0.5	0.4	3000	10	0	240	0.6	15	0.7	0.2	
0.0221426	0.4831862	-0.003212229	0	9855	130	118.66	SpawnRate	0.5	0.4	3000	10	0	240	0.6	15	0.7	0.2	
-0.3978975	0.0811924	-0.4726671	0	9980	137	119.66	SpawnRate	0.5	0.4	3000	10	0	240	0.6	15	0.7	0.2	
0.4041304	0.1554585	-0.5323073	0	10082	125	120.66	SpawnRate	0.5	0.4	3000	10	0	240	0.6	15	0.7	0.2	
-0.4845044	0.2867911	0.2030795	0	10239	102	121.66	SpawnRate	0.5	0.4	3000	10	0	240	0.6	15	0.7	0.2	
0.2595692	0.3155057	0.3905644	0	10419	157	122.66	SpawnRate	0.5	0.4	3000	10	0	240	0.6	15	0.7	0.2	
0.1637677	0.09944864	0.152492	0	10578	180	123.66	SpawnRate	0.5	0.4	3000	10	0	240	0.6	15	0.7	0.2	
0.2192581	0.1917127	-0.4849844	0	10739	159	124.66	SpawnRate	0.5	0.4	3000	10	0	240	0.6	15	0.7	0.2	
0.165602	0.2407945	0.3791418	0	10869	161	125.66	SpawnRate	0.5	0.4	3000	10	0	240	0.6	15	0.7	0.2	
-0.1734004	0.367535	-0.1570416	0	11046	130	126.66	SpawnRate	0.5	0.4	3000	10	0	240	0.6	15	0.7	0.2	
0.4588683	0.2079389	0.4656642	0	11200	177	127.66	SpawnRate	0.5	0.4	3000	10	0	240	0.6	15	0.7	0.2	
-0.3999427	0.3295542	0.3280421	0	11359	154	128.66	SpawnRate	0.5	0.4	3000	10	0	240	0.6	15	0.7	0.2	
0.1915724	0.114492	0.1750839	0	11512	159	129.66	SpawnRate	0.5	0.4	3000	10	0	240	0.6	15	0.7	0.2	
0.4044278	0.209269	0.3493786	0	11682	153	130.66	SpawnRate	0.5	0.4	3000	10	0	240	0.6	15	0.7	0.2	
0.1061958	0.3597221	0.1670789	0	11833	170	131.66	SpawnRate	0.5	0.4	3000	10	0	240	0.6	15	0.7	0.2	
-0.1259184	0.09575425	0.1539934	0	11978	151	132.66	SpawnRate	0.5	0.4	3000	10	0	240	0.6	15	0.7	0.2	
-0.3393086	0.1919348	-0.1614264	0	12157	145	133.66	SpawnRate	0.5	0.4	3000	10	0	240	0.6	15	0.7	0.2	
0.505507	0.1822384	0.2623847	0	12340	179	134.66	SpawnRate	0.5	0.4	3000	10	0	240	0.6	15	0.7	0.2	
0.4064497	0.1329114	-0.099075	0	12506	183	135.66	SpawnRate	0.5	0.4	3000	10	0	240	0.6	15	0.7	0.2	
-0.1415947	0.07720108	-0.1023418	0	12676	166	136.66	SpawnRate	0.5	0.4	3000	10	0	240	0.6	15	0.7	0.2	
0.4526632	0.1253412	-0.06327556	0	12845	170	137.66	SpawnRate	0.5	0.4	3000	10	0	240	0.6	15	0.7	0.2	
0.3067699	0.3224103	0.1837445	0	13023	169	138.66	SpawnRate	0.5	0.4	3000	10	0	240	0.6	15	0.7	0.2	
0.1984243	0.4263985	-0.3756245	0	13209	178	139.66	SpawnRate	0.5	0.4	3000	10	0	240	0.6	15	0.7	0.2	
0.4178805	0.1460585	-0.4157723	0	13363	186	140.66	SpawnRate	0.5	0.4	3000	10	0	240	0.6	15	0.7	0.2	
0.03650141	0.3070012	-0.1154965	0	13514	154	141.66	SpawnRate	0.5	0.4	3000	10	0	240	0.6	15	0.7	0.2	
0.1038816	0.4293685	0.01241191	0	13700	151	142.66	SpawnRate	0.5	0.4	3000	10	0	240	0.6	15	0.7	0.2	
0.1288968	0.430205	-0.08379625	0	13889	186	143.66	SpawnRate	0.5	0.4	3000	10	0	240	0.6	15	0.7	0.2	
-0.2085131	0.2639117	-0.1193096	0	14070	189	144.66	SpawnRate	0.5	0.4	3000	10	0	240	0.6	15	0.7	0.2	
0.3855142	0.2490808	-0.3684985	0	14242	181	145.66	SpawnRate	0.5	0.4	3000	10	0	240	0.6	15	0.7	0.2	
-0.2587562	0.2689127	0.4512329	0	14419	172	146.66	SpawnRate	0.5	0.4	3000	10	0	240	0.6	15	0.7	0.2	
-0.2399679	0.2603622	0.3907431	0	14576	177	147.66	SpawnRate	0.5	0.4	3000	10	0	240	0.6	15	0.7	0.2	
0.2757289	0.3401938	0.08904912	0	14743	157	148.66	SpawnRate	0.5	0.4	3000	10	0	240	0.6	15	0.7	0.2	
0.1288055	0.1045723	0.146984	0	14890	167	149.66	SpawnRate	0.5	0.4	3000	10	0	240	0.6	15	0.7	0.2	
-0.5295485	0.1711536	-0.3481009	0	15040	147	150.66	SpawnRate	0.5	0.4	3000	10	0	240	0.6	15	0.7	0.2	
0.1308988	0.4792649	-0.2604963	0	15167	150	151.66	SpawnRate	0.5	0.4	3000	10	0	240	0.6	15	0.7	0.2	
-0.09232235	0.2863792	-0.2574969	0	15303	127	152.66	SpawnRate	0.5	0.4	3000	10	0	240	0.6	15	0.7	0.2	
-0.2120327	0.4148596	-0.2051835	0	15468	136	153.66	SpawnRate	0.5	0.4	3000	10	0	240	0.6	15	0.7	0.2	
-0.5204789	0.2436516	-0.2648155	0	15619	165	154.66	SpawnRate	0.5	0.4	3000	10	0	240	0.6	15	0.7	0.2	
0.2043794	0.3762571	0.2487276	0	15780	151	155.66	SpawnRate	0.5	0.4	3000	10	0	240	0.6	15	0.7	0.2	
0.3617313	0.3648088	0.2485783	0	15949	161	156.66	SpawnRate	0.5	0.4	3000	10	0	240	0.6	15	0.7	0.2	
0.07024746	0.3867365	-0.02741321	0	16124	169	157.66	SpawnRate	0.5	0.4	3000	10	0	240	0.6	15	0.7	0.2	
0.1125795	0.2415781	-0.3793733	0	16278	175	158.66	SpawnRate	0.5	0.4	3000	10	0	240	0.6	15	0.7	0.2	
-0.02734839	0.3675612	-0.169949	0	16411	154	159.66	SpawnRate	0.5	0.4	3000	10	0	240	0.6	15	0.7	0.2	
-0.292943	0.2271317	0.0895895	0	16535	133	160.66	SpawnRate	0.5	0.4	3000	10	0	240	0.6	15	0.7	0.2	
-0.3459612	0.3245854	-0.1045775	0	16666	124	161.66	SpawnRate	0.5	0.4	3000	10	0	240	0.6	15	0.7	0.2	
-0.1854103	0.3612364	0.2171258	0	16813	131	162.66	SpawnRate	0.5	0.4	3000	10	0	240	0.6	15	0.7	0.2	
0.008190346	0.1969864	0.3052969	0	16945	147	163.66	SpawnRate	0.5	0.4	3000	10	0	240	0.6	15	0.7	0.2	
-0.1772404	0.09901584	-0.1845646	0	17095	132	164.66	SpawnRate	0.5	0.4	3000	10	0	240	0.6	15	0.7	0.2	
-0.3675945	0.3638752	0.3167633	0	17246	150	165.66	SpawnRate	0.5	0.4	3000	10	0	240	0.6	15	0.7	0.2	
-0.1489149	0.4932353	0.1476638	0	17382	151	166.66	SpawnRate	0.5	0.4	3000	10	0	240	0.6	15	0.7	0.2	
-0.1076315	0.4317769	-0.3328208	0	17520	136	167.66	SpawnRate	0.5	0.4	3000	10	0	240	0.6	15	0.7	0.2	
0.2294548	0.1486863	-0.1261321	0	17647	138	168.66	SpawnRate	0.5	0.4	3000	10	0	240	0.6	15	0.7	0.2	
-0.422257	0.2838818	0.4074175	0	17755	127	169.66	SpawnRate	0.5	0.4	3000	10	0	240	0.6	15	0.7	0.2	
0.1843642	0.2322343	-0.114109	0	17889	108	170.66	SpawnRate	0.5	0.4	3000	10	0	240	0.6	15	0.7	0.2	
-0.1671557	0.07612844	0.1129983	0	18036	134	171.66	SpawnRate	0.5	0.4	3000	10	0	240	0.6	15	0.7	0.2	
-0.2676049	0.4143833	0.2460414	0	18204	147	172.66	SpawnRate	0.5	0.4	3000	10	0	240	0.6	15	0.7	0.2	
0.02300965	0.4316105	-0.005287583	0	18344	168	173.66	SpawnRate	0.5	0.4	3000	10	0	240	0.6	15	0.7	0.2	
0.4704853	0.2908697	0.3049596	0	18497	140	174.66	SpawnRate	0.5	0.4	3000	10	0	240	0.6	15	0.7	0.2	
-0.1895595	0.1214966	0.02314946	0	18624	153	175.66	SpawnRate	0.5	0.4	3000	10	0	240	0.6	15	0.7	0.2	
0.1886076	0.2321732	-0.1074406	0	18796	127	176.66	SpawnRate	0.5	0.4	3000	10	0	240	0.6	15	0.7	0.2	
-0.03013436	0.2804995	0.3264303	0	18957	172	177.66	SpawnRate	0.5	0.4	3000	10	0	240	0.6	15	0.7	0.2	
-0.2891729	0.212956	-0.1351783	0	19076	161	178.66	SpawnRate	0.5	0.4	3000	10	0	240	0.6	15	0.7	0.2	
0.4834169	0.2613464	-0.0008200963	0	19212	119	179.66	SpawnRate	0.5	0.4	3000	10	0	240	0.6	15	0.7	0.2	
0.3229441	0.3143596	0.1964385	0	19303	136	180.66	SpawnRate	0.5	0.4	3000	10	0	240	0.6	15	0.7	0.2	
0.04026992	0.1130575	0.310075	0	19460	91	181.66	SpawnRate	0.5	0.4	3000	10	0	240	0.6	15	0.7	0.2	
0.09064048	0.1985777	-0.450781	0	19620	157	182.66	SpawnRate	0.5	0.4	3000	10	0	240	0.6	15	0.7	0.2	
0.2255903	0.3795229	0.2281582	0	19773	160	183.66	SpawnRate	0.5	0.4	3000	10	0	240	0.6	15	0.7	0.2	
0.4541422	0.2777081	0.1033657	0	19935	153	184.66	SpawnRate	0.5	0.4	3000	10	0	240	0.6	15	0.7	0.2	
0.08162285	0.365246	-0.1120532	0	20058	162	185.66	SpawnRate	0.5	0.4	3000	10	0	240	0.6	15	0.7	0.2	
-0.3549182	0.1264438	0.4799308	0	20194	123	186.66	SpawnRate	0.5	0.4	3000	10	0	240	0.6	15	0.7	0.2	
0.3666806	0.499387	-0.2762638	0	20325	136	187.66	SpawnRate	0.5	0.4	3000	10	0	240	0.6	15	0.7	0.2	
0.1614437	0.3850236	0.2170708	0	20453	131	188.66	SpawnRate	0.5	0.4	3000	10	0	240	0.6	15	0.7	0.2	
-0.05308294	0.2784008	-0.2702877	0	20618	128	189.66	SpawnRate	0.5	0.4	3000	10	0	240	0.6	15	0.7	0.2	
0.1797895	0.4477278	0.1632487	0	20787	165	190.66	SpawnRate	0.5	0.4	3000	10	0	240	0.6	15	0.7	0.2	
-0.09861199	0.3323165	-0.2815241	0	20961	169	191.66	SpawnRate	0.5	0.4	3000	10	0	240	0.6	15	0.7	0.2	
-0.103275	0.3533233	-0.3188505	0	21143	174	192.66	SpawnRate	0.5	0.4	3000	10	0	240	0.6	15	0.7	0.2	
0.1312558	0.1349461	-0.03654722	0	21324	182	193.66	SpawnRate	0.5	0.4	3000	10	0	240	0.6	15	0.7	0.2	
-0.2059035	0.1010426	0.05399351	0	21484	181	194.66	SpawnRate	0.5	0.4	3000	10	0	240	0.6	15	0.7	0.2	
0.1227731	0.1712216	-0.4019412	0	21628	160	195.66	SpawnRate	0.5	0.4	3000	10	0	240	0.6	15	0.7	0.2	
-0.09642331	0.2693256	-0.2652634	0	21763	144	196.66	SpawnRate	0.5	0.4	3000	10	0	240	0.6	15	0.7	0.2	
0.4959128	0.1007734	0.0838651	0	21893	135	197.66	SpawnRate	0.5	0.4	3000	10	0	240	0.6	15	0.7	0.2	
0.2774849	0.3260026	0.04041382	0	22058	130	198.66	SpawnRate	0.5	0.4	3000	10	0	240	0.6	15	0.7	0.2	
0.05045859	0.4699725	-0.2266949	0	22238	165	199.66	SpawnRate	0.5	0.4	3000	10	0	240	0.6	15	0.7	0.2	
0.2156309	0.1976434	-0.4370756	0	22397	180	200.66	SpawnRate	0.5	0.4	3000	10	0	240	0.6	15	0.7	0.2	
0.2699688	0.4786637	-0.1127051	0	22581	159	201.66	SpawnRate	0.5	0.4	3000	10	0	240	0.6	15	0.7	0.2	
0.3564958	0.1697533	-0.06514559	0	22749	184	202.66	SpawnRate	0.5	0.4	3000	10	0	240	0.6	15	0.7	0.2	
0.391426	0.162118	0.3840874	0	22919	168	203.66	SpawnRate	0.5	0.4	3000	10	0	240	0.6	15	0.7	0.2	
0.2841634	0.2512954	0.4323686	0	23081	170	204.66	SpawnRate	0.5	0.4	3000	10	0	240	0.6	15	0.7	0.2	
-0.07183485	0.2954229	-0.219291	0	23229	162	205.66	SpawnRate	0.5	0.4	3000	10	0	240	0.6	15	0.7	0.2	
0.2775724	0.1817255	-0.112221	0	23405	148	206.66	SpawnRate	0.5	0.4	3000	10	0	240	0.6	15	0.7	0.2	
-0.3745175	0.2121365	-0.2092541	0	23572	176	207.66	SpawnRate	0.5	0.4	3000	10	0	240	0.6	15	0.7	0.2	
-0.04324436	0.3493491	0.285686	0	23739	167	208.66	SpawnRate	0.5	0.4	3000	10	0	240	0.6	15	0.7	0.2	
0.1976092	0.2380401	0.1491311	0	23882	167	209.66	SpawnRate	0.5	0.4	3000	10	0	240	0.6	15	0.7	0.2	
-0.04954716	0.08727835	0.194134	0	24049	143	210.66	SpawnRate	0.5	0.4	3000	10	0	240	0.6	15	0.7	0.2	
-0.08216461	0.08670421	0.1865022	0	24213	167	211.66	SpawnRate	0.5	0.4	3000	10	0	240	0.6	15	0.7	0.2	
-0.1625886	0.3664708	-0.03932336	0	24371	164	212.66	SpawnRate	0.5	0.4	3000	10	0	240	0.6	15	0.7	0.2	
-0.1393458	0.2511916	0.3760609	0	24557	158	213.66	SpawnRate	0.5	0.4	3000	10	0	240	0.6	15	0.7	0.2	
-0.347326	0.09499408	0.4364108	0	24748	186	214.66	SpawnRate	0.5	0.4	3000	10	0	240	0.6	15	0.7	0.2	
0.0573952	0.1949957	0.2102209	0	24903	191	215.66	SpawnRate	0.5	0.4	3000	10	0	240	0.6	15	0.7	0.2	
-0.4676628	0.3988072	-0.3950815	0	25098	155	216.66	SpawnRate	0.5	0.4	3000	10	0	240	0.6	15	0.7	0.2	
-0.03429432	0.4956318	0.06847683	0	25226	195	217.66	SpawnRate	0.5	0.4	3000	10	0	240	0.6	15	0.7	0.2	
0.150497	0.3389786	0.2324856	0	25414	128	218.66	SpawnRate	0.5	0.4	3000	10	0	240	0.6	15	0.7	0.2	
-0.1649139	0.2360941	-0.0689319	0	25575	188	219.66	SpawnRate	0.5	0.4	3000	10	0	240	0.6	15	0.7	0.2	
0.1866585	0.3502609	0.2707417	0	25739	161	220.66	SpawnRate	0.5	0.4	3000	10	0	240	0.6	15	0.7	0.2	
0.165535	0.2595375	0.3740753	0	25928	164	221.66	SpawnRate	0.5	0.4	3000	10	0	240	0.6	15	0.7	0.2	
-0.07571831	0.204257	0.007132022	0	26131	189	222.66	SpawnRate	0.5	0.4	3000	10	0	240	0.6	15	0.7	0.2	
-0.1475371	0.249999	-0.1571147	0	26360	203	223.66	SpawnRate	0.5	0.4	3000	10	0	240	0.6	15	0.7	0.2	
0.02832836	0.366455	0.03361797	0	26575	229	224.66	SpawnRate	0.5	0.4	3000	10	0	240	0.6	15	0.7	0.2	
0.3085096	0.08285505	0.3335685	0	26767	215	225.66	SpawnRate	0.5	0.4	3000	10	0	240	0.6	15	0.7	0.2	
-0.1345894	0.4974429	-0.00660909	0	26949	192	226.66	SpawnRate	0.5	0.4	3000	10	0	240	0.6	15	0.7	0.2	
0.4393408	0.286103	0.312299	0	27150	182	227.66	SpawnRate	0.5	0.4	3000	10	0	240	0.6	15	0.7	0.2	
0.3564745	0.3663879	0.3566303	0	27330	201	228.66	SpawnRate	0.5	0.4	3000	10	0	240	0.6	15	0.7	0.2	
0.3617459	0.2711557	0.2523277	0	27526	180	229.66	SpawnRate	0.5	0.4	3000	10	0	240	0.6	15	0.7	0.2	
0.02814347	0.3290087	-0.1144162	0	27718	196	230.66	SpawnRate	0.5	0.4	3000	10	0	240	0.6	15	0.7	0.2	
-0.4862078	0.4596938	0.2182093	0	27871	192	231.66	SpawnRate	0.5	0.4	3000	10	0	240	0.6	15	0.7	0.2	
-0.08648106	0.3659655	-0.3807162	0	28031	153	232.66	SpawnRate	0.5	0.4	3000	10	0	240	0.6	15	0.7	0.2	
0.4935619	0.1314452	-0.4820301	0	28255	160	233.66	SpawnRate	0.5	0.4	3000	10	0	240	0.6	15	0.7	0.2	
-0.2256214	0.4656008	0.1662713	0	28454	224	234.66	SpawnRate	0.5	0.4	3000	10	0	240	0.6	15	0.7	0.2	
-0.1556345	0.196713	0.4130088	0	28656	199	235.66	SpawnRate	0.5	0.4	3000	10	0	240	0.6	15	0.7	0.2	
0.1351216	0.1888362	0.4057204	0	28803	202	236.66	SpawnRate	0.5	0.4	3000	10	0	240	0.6	15	0.7	0.2	
0.466155	0.1667367	-0.5106777	0	28960	147	237.66	SpawnRate	0.5	0.4	3000	10	0	240	0.6	15	0.7	0.2	
-0.3940953	0.1052758	0.3035128	0	29131	157	238.66	SpawnRate	0.5	0.4	3000	10	0	240	0.6	15	0.7	0.2	
-0.3756519	0.2495224	0.3605606	0	29316	171	239.66	SpawnRate	0.5	0.4	3000	10	0	240	0.6	15	0.7	0.2	
0.3279485	0.2060052	-0.2901205	0	29522	185	240.66	SpawnRate	0.5	0.4	3000	10	0	240	0.6	15	0.7	0.2	
-0.2133734	0.3876919	-0.1710556	0	29692	206	241.66	SpawnRate	0.5	0.4	3000	10	0	240	0.6	15	0.7	0.2	
-0.3299421	0.3907909	-0.3403725	0	29874	170	242.66	SpawnRate	0.5	0.4	3000	10	0	240	0.6	15	0.7	0.2	
-0.3148046	0.2430819	-0.3197416	0	30051	182	243.66	SpawnRate	0.5	0.4	3000	10	0	240	0.6	15	0.7	0.2	
0.05561711	0.09650596	-0.02351977	0	30249	177	244.66	SpawnRate	0.5	0.4	3000	10	0	240	0.6	15	0.7	0.2	
-0.06655426	0.3414918	-0.2716891	0	30443	198	245.66	SpawnRate	0.5	0.4	3000	10	0	240	0.6	15	0.7	0.2	
0.3088179	0.1339228	-0.2158533	0	30617	194	246.66	SpawnRate	0.5	0.4	3000	10	0	240	0.6	15	0.7	0.2	
0.271945	0.1415513	-0.4775617	0	30743	174	247.66	SpawnRate	0.5	0.4	3000	10	0	240	0.6	15	0.7	0.2	
-0.1703121	0.2332719	-0.06060489	0	30915	126	248.66	SpawnRate	0.5	0.4	3000	10	0	240	0.6	15	0.7	0.2	
-0.294615	0.2190343	0.3577638	0	31099	172	249.66	SpawnRate	0.5	0.4	3000	10	0	240	0.6	15	0.7	0.2	
-0.2495829	0.2795401	-0.09873375	0	31237	184	250.66	SpawnRate	0.5	0.4	3000	10	0	240	0.6	15	0.7	0.2	
0.1952849	0.1597102	-0.08886372	0	31384	138	251.66	SpawnRate	0.5	0.4	3000	10	0	240	0.6	15	0.7	0.2	
-0.01203512	0.2025569	0.3424439	0	31520	147	252.66	SpawnRate	0.5	0.4	3000	10	0	240	0.6	15	0.7	0.2	
-0.03502865	0.281942	-0.2039296	0	31681	136	253.66	SpawnRate	0.5	0.4	3000	10	0	240	0.6	15	0.7	0.2	
-0.1849594	0.1392691	0.08664395	0	31837	161	254.66	SpawnRate	0.5	0.4	3000	10	0	240	0.6	15	0.7	0.2	
0.2170976	0.2162817	-0.1407489	0	31998	156	255.66	SpawnRate	0.5	0.4	3000	10	0	240	0.6	15	0.7	0.2	
0.2997798	0.09416089	-0.04903895	0	32148	161	256.66	SpawnRate	0.5	0.4	3000	10	0	240	0.6	15	0.7	0.2	
0.2763281	0.3621887	0.02575591	0	32294	150	257.66	SpawnRate	0.5	0.4	3000	10	0	240	0.6	15	0.7	0.2	
-0.3113698	0.3665933	-0.09921395	0	32441	146	258.66	SpawnRate	0.5	0.4	3000	10	0	240	0.6	15	0.7	0.2	
0.4567543	0.1274011	-0.1002958	0	32608	147	259.66	SpawnRate	0.5	0.4	3000	10	0	240	0.6	15	0.7	0.2	
0.08891051	0.3407836	-0.09421959	0	32761	167	260.66	SpawnRate	0.5	0.4	3000	10	0	240	0.6	15	0.7	0.2	
-0.2771164	0.2399329	0.4154598	0	32916	153	261.66	SpawnRate	0.5	0.4	3000	10	0	240	0.6	15	0.7	0.2	
0.4084583	0.2807185	0.1825832	0	33037	155	262.66	SpawnRate	0.5	0.4	3000	10	0	240	0.6	15	0.7	0.2	
-0.3004164	0.1241168	-0.1858132	0	33181	121	263.66	SpawnRate	0.5	0.4	3000	10	0	240	0.6	15	0.7	0.2	
0.3746062	0.2527802	0.177893	0	33311	144	264.66	SpawnRate	0.5	0.4	3000	10	0	240	0.6	15	0.7	0.2	
0.3503814	0.280116	0.16007	0	33484	130	265.66	SpawnRate	0.5	0.4	3000	10	0	240	0.6	15	0.7	0.2	
0.07205855	0.1188595	0.09751777	0	33654	173	266.66	SpawnRate	0.5	0.4	3000	10	0	240	0.6	15	0.7	0.2	
-0.2086522	0.1963439	-0.1150626	0	33789	170	267.66	SpawnRate	0.5	0.4	3000	10	0	240	0.6	15	0.7	0.2	
0.4199624	0.2992286	0.0521059	0	33942	135	268.66	SpawnRate	0.5	0.4	3000	10	0	240	0.6	15	0.7	0.2	
0.40351	0.2981584	0.1152415	0	34126	153	269.66	SpawnRate	0.5	0.4	3000	10	0	240	0.6	15	0.7	0.2	
0.4060064	0.1606429	-0.4668542	0	34332	184	270.66	SpawnRate	0.5	0.4	3000	10	0	240	0.6	15	0.7	0.2	
0.4653702	0.1886632	0.4464659	0	34520	206	271.66	SpawnRate	0.5	0.4	3000	10	0	240	0.6	15	0.7	0.2	
0.2161935	0.1168526	0.1252542	0	34680	188	272.66	SpawnRate	0.5	0.4	3000	10	0	240	0.6	15	0.7	0.2	
0.08059524	0.3750761	0.1971252	0	34868	160	273.66	SpawnRate	0.5	0.4	3000	10	0	240	0.6	15	0.7	0.2	
-0.1675342	0.3675636	-0.03149093	0	35007	188	274.66	SpawnRate	0.5	0.4	3000	10	0	240	0.6	15	0.7	0.2	
0.2205866	0.2377604	-0.263487	0	35162	139	275.66	SpawnRate	0.5	0.4	3000	10	0	240	0.6	15	0.7	0.2	
0.1480484	0.3980452	0.1766493	0	35355	155	276.66	SpawnRate	0.5	0.4	3000	10	0	240	0.6	15	0.7	0.2	
-0.3979182	0.1231084	0.5041235	0	35535	193	277.66	SpawnRate	0.5	0.4	3000	10	0	240	0.6	15	0.7	0.2	
-0.2408126	0.4042584	-0.2552746	0	35712	180	278.66	SpawnRate	0.5	0.4	3000	10	0	240	0.6	15	0.7	0.2	
0.2408914	0.2227781	-0.2220658	0	35906	177	279.66	SpawnRate	0.5	0.4	3000	10	0	240	0.6	15	0.7	0.2	
0.137237	0.3869553	0.1908719	0	36065	194	280.66	SpawnRate	0.5	0.4	3000	10	0	240	0.6	15	0.7	0.2	
-0.1987951	0.3651912	-0.1226034	0	36234	159	281.66	SpawnRate	0.5	0.4	3000	10	0	240	0.6	15	0.7	0.2	
0.5160497	0.09923445	0.1201523	0	36402	169	282.66	SpawnRate	0.5	0.4	3000	10	0	240	0.6	15	0.7	0.2	
0.06630669	0.3133393	-0.05712534	0	36553	168	283.66	SpawnRate	0.5	0.4	3000	10	0	240	0.6	15	0.7	0.2	
-0.001398118	0.1586595	-0.367207	0	36708	151	284.66	SpawnRate	0.5	0.4	3000	10	0	240	0.6	15	0.7	0.2	
0.03185622	0.2094891	-0.4037412	0	36881	155	285.66	SpawnRate	0.5	0.4	3000	10	0	240	0.6	15	0.7	0.2	
-0.2474682	0.2318489	0.158464	0	37054	173	286.66	SpawnRate	0.5	0.4	3000	10	0	240	0.6	15	0.7	0.2	
0.0961799	0.09996238	-0.01997077	0	37233	173	287.66	SpawnRate	0.5	0.4	3000	10	0	240	0.6	15	0.7	0.2	
-0.06267264	0.1361783	-0.1567961	0	37437	179	288.66	SpawnRate	0.5	0.4	3000	10	0	240	0.6	15	0.7	0.2	
0.005220826	0.3609402	0.007498137	0	37607	204	289.66	SpawnRate	0.5	0.4	3000	10	0	240	0.6	15	0.7	0.2	
0.3157161	0.2648171	0.2174518	0	37777	170	290.66	SpawnRate	0.5	0.4	3000	10	0	240	0.6	15	0.7	0.2	
0.3806318	0.2732459	0.1975417	0	37971	170	291.66	SpawnRate	0.5	0.4	3000	10	0	240	0.6	15	0.7	0.2	
-0.3906234	0.07656539	0.3274907	0	38163	194	292.66	SpawnRate	0.5	0.4	3000	10	0	240	0.6	15	0.7	0.2	
-0.07473128	0.3866677	0.1436075	0	38335	192	293.66	SpawnRate	0.5	0.4	3000	10	0	240	0.6	15	0.7	0.2	
0.2904576	0.4813566	-0.1422551	0	38503	172	294.66	SpawnRate	0.5	0.4	3000	10	0	240	0.6	15	0.7	0.2	
0.2896661	0.202922	-0.2316427	0	38690	168	295.66	SpawnRate	0.5	0.4	3000	10	0	240	0.6	15	0.7	0.2	
-0.1562691	0.07753506	-0.1540196	0	38821	187	296.66	SpawnRate	0.5	0.4	3000	10	0	240	0.6	15	0.7	0.2	
0.1318902	0.324062	-0.08007288	0	39014	131	297.66	SpawnRate	0.5	0.4	3000	10	0	240	0.6	15	0.7	0.2	
-0.3472456	0.2331014	0.4989113	0	39211	193	298.66	SpawnRate	0.5	0.4	3000	10	0	240	0.6	15	0.7	0.2	
0.3066541	0.3014361	0.3651866	0	39396	197	299.66	SpawnRate	0.5	0.4	3000	10	0	240	0.6	15	0.7	0.2	
0.2857336	0.2988746	0.1446671	0	39619	185	300.66	SpawnRate	0.5	0.4	3000	10	0	240	0.6	15	0.7	0.2	
0.240044	0.3433949	0.04027224	0	39811	223	301.66	SpawnRate	0.5	0.4	3000	10	0	240	0.6	15	0.7	0.2	
0.05961828	0.3065574	0.3849899	0	40000	192	302.66	SpawnRate	0.5	0.4	3000	10	0	240	0.6	15	0.7	0.2	
-0.3016359	0.1046719	0.2964033	0	40216	189	303.66	SpawnRate	0.5	0.4	3000	10	0	240	0.6	15	0.7	0.2	
0.2349347	0.122353	-0.08941059	0	40389	216	304.66	SpawnRate	0.5	0.4	3000	10	0	240	0.6	15	0.7	0.2	
0.2973978	0.3026929	0.1378097	0	40575	173	305.66	SpawnRate	0.5	0.4	3000	10	0	240	0.6	15	0.7	0.2	
-0.1251324	0.5241954	0.02935149	0	40780	186	306.66	SpawnRate	0.5	0.4	3000	10	0	240	0.6	15	0.7	0.2	
0.2052761	0.1097414	-0.08886477	0	40983	205	307.66	SpawnRate	0.5	0.4	3000	10	0	240	0.6	15	0.7	0.2	
0.3644992	0.2948078	0.01077573	0	41139	203	308.66	SpawnRate	0.5	0.4	3000	10	0	240	0.6	15	0.7	0.2	
0.3406455	0.1929009	-0.3560017	0	41320	156	309.66	SpawnRate	0.5	0.4	3000	10	0	240	0.6	15	0.7	0.2	
0.3406931	0.2831487	0.2545855	0	41499	181	310.66	SpawnRate	0.5	0.4	3000	10	0	240	0.6	15	0.7	0.2	
0.2899975	0.1070736	-0.2175998	0	41698	179	311.66	SpawnRate	0.5	0.4	3000	10	0	240	0.6	15	0.7	0.2	
-0.421983	0.377955	-0.3865545	0	41862	199	312.66	SpawnRate	0.5	0.4	3000	10	0	240	0.6	15	0.7	0.2	
-0.3499731	0.1536354	0.436292	0	42003	164	313.66	SpawnRate	0.5	0.4	3000	10	0	240	0.6	15	0.7	0.2	
0.2285247	0.1006748	-0.04533396	0	42200	141	314.66	SpawnRate	0.5	0.4	3000	10	0	240	0.6	15	0.7	0.2	
-0.3578344	0.2200493	0.4368025	0	42375	197	315.66	SpawnRate	0.5	0.4	3000	10	0	240	0.6	15	0.7	0.2	
-0.1942214	0.388547	-0.1351771	0	42544	175	316.66	SpawnRate	0.5	0.4	3000	10	0	240	0.6	15	0.7	0.2	
0.09967817	0.2896076	0.3749488	0	42732	169	317.66	SpawnRate	0.5	0.4	3000	10	0	240	0.6	15	0.7	0.2	
0.3872294	0.2787047	0.1751395	0	42922	188	318.66	SpawnRate	0.5	0.4	3000	10	0	240	0.6	15	0.7	0.2	
0.3036629	0.2307505	-0.4991798	0	43097	190	319.66	SpawnRate	0.5	0.4	3000	10	0	240	0.6	15	0.7	0.2	
-0.2001348	0.4144455	-0.2214202	0	43258	175	320.66	SpawnRate	0.5	0.4	3000	10	0	240	0.6	15	0.7	0.2	
0.1993349	0.1394154	0.04758393	0	43446	161	321.66	SpawnRate	0.5	0.4	3000	10	0	240	0.6	15	0.7	0.2	
-0.1584212	0.1278171	-0.03813893	0	43627	188	322.66	SpawnRate	0.5	0.4	3000	10	0	240	0.6	15	0.7	0.2	
0.4176958	0.134936	-0.4635563	0	43773	181	323.66	SpawnRate	0.5	0.4	3000	10	0	240	0.6	15	0.7	0.2	
-0.1182141	0.1108635	0.5006925	0	43924	146	324.66	SpawnRate	0.5	0.4	3000	10	0	240	0.6	15	0.7	0.2	
-0.303668	0.2434883	0.1688351	0	44088	151	325.66	SpawnRate	0.5	0.4	3000	10	0	240	0.6	15	0.7	0.2	
-0.1070998	0.0782822	0.1600009	0	44243	164	326.66	SpawnRate	0.5	0.4	3000	10	0	240	0.6	15	0.7	0.2	
0.1683095	0.1832324	-0.3949926	0	44397	155	327.66	SpawnRate	0.5	0.4	3000	10	0	240	0.6	15	0.7	0.2	
0.1155753	0.09451154	0.1434593	0	44572	154	328.66	SpawnRate	0.5	0.4	3000	10	0	240	0.6	15	0.7	0.2	
0.4237744	0.1626432	-0.4919292	0	44722	175	329.66	SpawnRate	0.5	0.4	3000	10	0	240	0.6	15	0.7	0.2	
-0.4443385	0.4754948	0.2625587	0	44869	150	330.66	SpawnRate	0.5	0.4	3000	10	0	240	0.6	15	0.7	0.2	
-0.3326726	0.09924253	0.364042	0	45052	147	331.66	SpawnRate	0.5	0.4	3000	10	0	240	0.6	15	0.7	0.2	
-0.4114511	0.2972335	0.3207509	0	45213	183	332.66	SpawnRate	0.5	0.4	3000	10	0	240	0.6	15	0.7	0.2	
0.3588123	0.1363459	-0.38535	0	45376	161	333.66	SpawnRate	0.5	0.4	3000	10	0	240	0.6	15	0.7	0.2	
0.1474716	0.2508745	0.3927193	0	45548	163	334.66	SpawnRate	0.5	0.4	3000	10	0	240	0.6	15	0.7	0.2	
-0.02490196	0.1919709	0.03614432	0	45712	172	335.66	SpawnRate	0.5	0.4	3000	10	0	240	0.6	15	0.7	0.2	
-0.4585612	0.2717312	0.3786383	0	45858	164	336.66	SpawnRate	0.5	0.4	3000	10	0	240	0.6	15	0.7	0.2	
-0.2087418	0.3381666	0.2996761	0	45990	146	337.66	SpawnRate	0.5	0.4	3000	10	0	240	0.6	15	0.7	0.2	
-0.2037912	0.4669455	0.2697599	0	46170	132	338.66	SpawnRate	0.5	0.4	3000	10	0	240	0.6	15	0.7	0.2	
-0.2177811	0.1166767	0.1291766	0	46312	180	339.66	SpawnRate	0.5	0.4	3000	10	0	240	0.6	15	0.7	0.2	
0.1068713	0.3373746	-0.1109978	0	46471	142	340.66	SpawnRate	0.5	0.4	3000	10	0	240	0.6	15	0.7	0.2	
-0.5070556	0.2328152	-0.3107719	0	46634	159	341.66	SpawnRate	0.5	0.4	3000	10	0	240	0.6	15	0.7	0.2	
-0.3586443	0.1186778	0.4644474	0	46791	163	342.66	SpawnRate	0.5	0.4	3000	10	0	240	0.6	15	0.7	0.2	
0.2455916	0.4171075	0.2197982	0	46976	157	343.66	SpawnRate	0.5	0.4	3000	10	0	240	0.6	15	0.7	0.2	
-0.1826391	0.09413914	-0.1334099	0	47153	185	344.66	SpawnRate	0.5	0.4	3000	10	0	240	0.6	15	0.7	0.2	
-0.1317141	0.0946274	0.1491259	0	47290	177	345.66	SpawnRate	0.5	0.4	3000	10	0	240	0.6	15	0.7	0.2	
-0.06606684	0.1180595	0.4862083	0	47424	137	346.66	SpawnRate	0.5	0.4	3000	10	0	240	0.6	15	0.7	0.2	
0.05979935	0.4616391	-0.003685093	0	47552	134	347.66	SpawnRate	0.5	0.4	3000	10	0	240	0.6	15	0.7	0.2	
-0.3944173	0.07682729	0.3134933	0	47682	128	348.66	SpawnRate	0.5	0.4	3000	10	0	240	0.6	15	0.7	0.2	
0.1055111	0.202541	0.3579325	0	47870	130	349.66	SpawnRate	0.5	0.4	3000	10	0	240	0.6	15	0.7	0.2	
-0.3396868	0.2491263	-0.1361398	0	48006	188	350.66	SpawnRate	0.5	0.4	3000	10	0	240	0.6	15	0.7	0.2	
0.4323371	0.242404	0.3447643	0	48189	136	351.66	SpawnRate	0.5	0.4	3000	10	0	240	0.6	15	0.7	0.2	
-0.2692469	0.3881395	-0.198131	0	48341	183	352.66	SpawnRate	0.5	0.4	3000	10	0	240	0.6	15	0.7	0.2	
-0.3059772	0.2781749	0.4267439	0	48507	152	353.66	SpawnRate	0.5	0.4	3000	10	0	240	0.6	15	0.7	0.2	
0.4644885	0.2050879	0.4248306	0	48671	166	354.66	SpawnRate	0.5	0.4	3000	10	0	240	0.6	15	0.7	0.2	
-0.413394	0.273328	0.408734	0	48812	164	355.66	SpawnRate	0.5	0.4	3000	10	0	240	0.6	15	0.7	0.2	
0.3664411	0.231841	0.387932	0	48939	141	356.66	SpawnRate	0.5	0.4	3000	10	0	240	0.6	15	0.7	0.2	
0.09906753	0.3451378	-0.104081	0	49092	127	357.66	SpawnRate	0.5	0.4	3000	10	0	240	0.6	15	0.7	0.2	
0.3845699	0.3160252	0.04423494	0	49248	153	358.66	SpawnRate	0.5	0.4	3000	10	0	240	0.6	15	0.7	0.2	
-0.006659857	0.09505828	0.1540605	0	49409	156	359.66	SpawnRate	0.5	0.4	3000	10	0	240	0.6	15	0.7	0.2	
0.4113509	0.2052512	0.3714671	0	49580	161	360.66	SpawnRate	0.5	0.4	3000	10	0	240	0.6	15	0.7	0.2	
-0.343076	0.2366186	0.1443224	0	49729	171	361.66	SpawnRate	0.5	0.4	3000	10	0	240	0.6	15	0.7	0.2	
0.1217269	0.1987888	-0.4258261	0	49894	149	362.66	SpawnRate	0.5	0.4	3000	10	0	240	0.6	15	0.7	0.2	
0.1325435	0.3526337	-0.1106434	0	50051	165	363.66	SpawnRate	0.5	0.4	3000	10	0	240	0.6	15	0.7	0.2	
-0.04121872	0.2886278	-0.2362727	0	50214	157	364.66	SpawnRate	0.5	0.4	3000	10	0	240	0.6	15	0.7	0.2	
-0.3353441	0.2386422	0.4408768	0	50362	163	365.66	SpawnRate	0.5	0.4	3000	10	0	240	0.6	15	0.7	0.2	
0.1408802	0.180691	0.4084604	0	50494	148	366.66	SpawnRate	0.5	0.4	3000	10	0	240	0.6	15	0.7	0.2	
0.4287758	0.2327559	0.4264917	0	50663	132	367.66	SpawnRate	0.5	0.4	3000	10	0	240	0.6	15	0.7	0.2	
-0.04400479	0.2526475	-0.3173173	0	50830	169	368.66	SpawnRate	0.5	0.4	3000	10	0	240	0.6	15	0.7	0.2	
-0.06460441	0.3127839	-0.3037048	0	51019	167	369.66	SpawnRate	0.5	0.4	3000	10	0	240	0.6	15	0.7	0.2	
-0.06127497	0.3138071	-0.2323695	0	51233	189	370.66	SpawnRate	0.5	0.4	3000	10	0	240	0.6	15	0.7	0.2	
0.1636444	0.3149146	-0.0173062	0	51393	214	371.66	SpawnRate	0.5	0.4	3000	10	0	240	0.6	15	0.7	0.2	
0.4700038	0.2634109	-0.1359107	0	51557	160	372.66	SpawnRate	0.5	0.4	3000	10	0	240	0.6	15	0.7	0.2	
-0.2469389	0.4352297	0.2165343	0	51722	164	373.66	SpawnRate	0.5	0.4	3000	10	0	240	0.6	15	0.7	0.2	
-0.3568926	0.1148673	0.2518481	0	51876	165	374.66	SpawnRate	0.5	0.4	3000	10	0	240	0.6	15	0.7	0.2	
-0.04537516	0.3163949	-0.2008431	0	52047	154	375.66	SpawnRate	0.5	0.4	3000	10	0	240	0.6	15	0.7	0.2	
-0.03079999	0.2494837	-0.1674944	0	52254	171	376.66	SpawnRate	0.5	0.4	3000	10	0	240	0.6	15	0.7	0.2	
0.2452105	0.396993	0.2531043	0	52400	207	377.66	SpawnRate	0.5	0.4	3000	10	0	240	0.6	15	0.7	0.2	
-0.02227732	0.1014937	0.1583829	0	52579	146	378.66	SpawnRate	0.5	0.4	3000	10	0	240	0.6	15	0.7	0.2	
-0.2403861	0.2925945	-0.2930473	0	52754	179	379.66	SpawnRate	0.5	0.4	3000	10	0	240	0.6	15	0.7	0.2	
0.1536459	0.3454651	-0.1090803	0	52886	175	380.66	SpawnRate	0.5	0.4	3000	10	0	240	0.6	15	0.7	0.2	
0.2426629	0.2199503	-0.2567329	0	53028	132	381.66	SpawnRate	0.5	0.4	3000	10	0	240	0.6	15	0.7	0.2	
0.4474604	0.1954234	0.3515743	0	53206	142	382.66	SpawnRate	0.5	0.4	3000	10	0	240	0.6	15	0.7	0.2	
-0.1502385	0.2019954	0.3942951	0	53350	178	383.66	SpawnRate	0.5	0.4	3000	10	0	240	0.6	15	0.7	0.2	
0.06351589	0.2787221	0.3735051	0	53464	144	384.66	SpawnRate	0.5	0.4	3000	10	0	240	0.6	15	0.7	0.2	
0.3840886	0.1037723	-0.1570206	0	53605	114	385.66	SpawnRate	0.5	0.4	3000	10	0	240	0.6	15	0.7	0.2	
-0.1065681	0.3331668	0.3018622	0	53730	141	386.66	SpawnRate	0.5	0.4	3000	10	0	240	0.6	15	0.7	0.2	
0.1918537	0.3086008	-0.03765751	0	53874	125	387.66	SpawnRate	0.5	0.4	3000	10	0	240	0.6	15	0.7	0.2	
0.4273468	0.1563172	-0.07186524	0	54022	144	388.66	SpawnRate	0.5	0.4	3000	10	0	240	0.6	15	0.7	0.2	
0.124515	0.1512279	0.008997345	0	54199	148	389.66	SpawnRate	0.5	0.4	3000	10	0	240	0.6	15	0.7	0.2	
0.1607344	0.2331087	-0.3984291	0	54345	177	390.66	SpawnRate	0.5	0.4	3000	10	0	240	0.6	15	0.7	0.2	
-0.3175082	0.2646185	0.1680084	0	54516	146	391.66	SpawnRate	0.5	0.4	3000	10	0	240	0.6	15	0.7	0.2	
0.3097234	0.1148717	-0.08515825	0	54655	171	392.66	SpawnRate	0.5	0.4	3000	10	0	240	0.6	15	0.7	0.2	
0.2562934	0.2085096	-0.1095279	0	54809	139	393.66	SpawnRate	0.5	0.4	3000	10	0	240	0.6	15	0.7	0.2	
-0.389498	0.3615761	0.1227767	0	54947	154	394.66	SpawnRate	0.5	0.4	3000	10	0	240	0.6	15	0.7	0.2	
0.06589953	0.3113888	-0.09113973	0	55107	138	395.66	SpawnRate	0.5	0.4	3000	10	0	240	0.6	15	0.7	0.2	
0.3690354	0.2098388	0.4318062	0	55260	160	396.66	SpawnRate	0.5	0.4	3000	10	0	240	0.6	15	0.7	0.2	
0.344668	0.2939305	0.2481244	0	55470	153	397.66	SpawnRate	0.5	0.4	3000	10	0	240	0.6	15	0.7	0.2	
-0.1672096	0.1702401	0.4508864	0	55606	210	398.66	SpawnRate	0.5	0.4	3000	10	0	240	0.6	15	0.7	0.2	
-0.415188	0.2451025	-0.5116842	0	55773	136	399.66	SpawnRate	0.5	0.4	3000	10	0	240	0.6	15	0.7	0.2	
0.1024867	0.215712	0.3524307	0	55918	167	400.66	SpawnRate	0.5	0.4	3000	10	0	240	0.6	15	0.7	0.2	
0.01613175	0.2793716	-0.3820426	0	56055	145	401.66	SpawnRate	0.5	0.4	3000	10	0	240	0.6	15	0.7	0.2	
0.04365692	0.1367403	0.241258	0	56191	137	402.66	SpawnRate	0.5	0.4	3000	10	1	240	0.6	15	0.7	0.2	
0.1173619	0.2782564	0.3613851	0	56341	136	403.66	SpawnRate	0.5	0.4	3000	10	0	240	0.6	15	0.7	0.2	
-0.2832992	0.5824831	-0.4505064	0	56503	150	404.66	SpawnRate	0.5	0.4	3000	10	0	240	0.6	15	0.7	0.2	
0.2817073	0.3408327	0.1912795	0	56646	162	405.66	SpawnRate	0.5	0.4	3000	10	0	240	0.6	15	0.7	0.2	
-0.08311231	0.4018555	-0.3311052	0	56801	143	406.66	SpawnRate	0.5	0.4	3000	10	0	240	0.6	15	0.7	0.2	
-0.03535382	0.2495549	-0.1655266	0	56933	155	407.66	SpawnRate	0.5	0.4	3000	10	0	240	0.6	15	0.7	0.2	
0.2306598	0.2389166	-0.2022521	0	57091	132	408.66	SpawnRate	0.5	0.4	3000	10	0	240	0.6	15	0.7	0.2	
0.3407002	0.2138023	-0.08305032	0	57271	158	409.66	SpawnRate	0.5	0.4	3000	10	0	240	0.6	15	0.7	0.2	
0.4895363	0.1096417	-0.3595442	0	57401	180	410.66	SpawnRate	0.5	0.4	3000	10	0	240	0.6	15	0.7	0.2	
-0.1575548	0.3987147	-0.0537686	0	57537	130	411.66	SpawnRate	0.5	0.4	3000	10	0	240	0.6	15	0.7	0.2	
-0.06391866	0.3359239	-0.3362328	0	57680	136	412.66	SpawnRate	0.5	0.4	3000	10	0	240	0.6	15	0.7	0.2	
-0.231121	0.2878896	0.121417	0	57823	143	413.66	SpawnRate	0.5	0.4	3000	10	0	240	0.6	15	0.7	0.2	
-0.1802883	0.09144767	0.0609266	0	57978	143	414.66	SpawnRate	0.5	0.4	3000	10	0	240	0.6	15	0.7	0.2	
0.3064944	0.1371191	-0.4761581	0	58102	155	415.66	SpawnRate	0.5	0.4	3000	10	0	240	0.6	15	0.7	0.2	
0.3922552	0.3009941	0.1076567	0	58260	124	416.66	SpawnRate	0.5	0.4	3000	10	0	240	0.6	15	0.7	0.2	
0.1884794	0.1351985	0.001313941	0	58403	158	417.66	SpawnRate	0.5	0.4	3000	10	0	240	0.6	15	0.7	0.2	
-0.4460505	0.3499464	-0.2847336	0	58521	143	418.66	SpawnRate	0.5	0.4	3000	10	0	240	0.6	15	0.7	0.2	
-0.08138116	0.3301196	0.2843498	0	58641	118	419.66	SpawnRate	0.5	0.4	3000	10	0	240	0.6	15	0.7	0.2	
-0.06484302	0.08727955	0.1730514	0	58791	120	420.66	SpawnRate	0.5	0.4	3000	10	0	240	0.6	15	0.7	0.2	
0.506252	0.2438184	-0.2862329	0	58934	150	421.66	SpawnRate	0.5	0.4	3000	10	0	240	0.6	15	0.7	0.2	
0.2612999	0.2487133	0.382644	0	59084	143	422.66	SpawnRate	0.5	0.4	3000	10	0	240	0.6	15	0.7	0.2	
-0.01412417	0.08004843	0.4976322	0	59248	150	423.66	SpawnRate	0.5	0.4	3000	10	0	240	0.6	15	0.7	0.2	
0.1954338	0.3367214	-0.01218471	0	59383	164	424.66	SpawnRate	0.5	0.4	3000	10	0	240	0.6	15	0.7	0.2	
-0.2876885	0.3663981	-0.09930458	0	59560	135	425.66	SpawnRate	0.5	0.4	3000	10	0	240	0.6	15	0.7	0.2	
-0.1887137	0.09663635	0.07445157	0	59739	177	426.66	SpawnRate	0.5	0.4	3000	10	0	240	0.6	15	0.7	0.2	
0.3514071	0.2668009	0.2437469	0	59889	179	427.66	SpawnRate	0.5	0.4	3000	10	0	240	0.6	15	0.7	0.2	
-0.2722331	0.5786949	-0.4650984	0	60066	150	428.66	SpawnRate	0.5	0.4	3000	10	0	240	0.6	15	0.7	0.2	
0.3136962	0.2997076	0.1262658	0	60232	177	429.66	SpawnRate	0.5	0.4	3000	10	0	240	0.6	15	0.7	0.2	
-0.3170513	0.2758859	0.3993312	0	60344	166	430.66	SpawnRate	0.5	0.4	3000	10	0	240	0.6	15	0.7	0.2	
-0.1362903	0.3710834	0.2601802	0	60500	112	431.66	SpawnRate	0.5	0.4	3000	10	0	240	0.6	15	0.7	0.2	
0.3467736	0.1515859	0.4575625	0	60684	156	432.66	SpawnRate	0.5	0.4	3000	10	0	240	0.6	15	0.7	0.2	
0.5000973	0.1003341	0.06195392	0	60878	184	433.66	SpawnRate	0.5	0.4	3000	10	0	240	0.6	15	0.7	0.2	
-0.1104443	0.3730275	-0.4203518	0	61017	194	434.66	SpawnRate	0.5	0.4	3000	10	0	240	0.6	15	0.7	0.2	
0.1767263	0.4067183	0.03035882	0	61173	139	435.66	SpawnRate	0.5	0.4	3000	10	0	240	0.6	15	0.7	0.2	
0.4423079	0.2261441	0.1381499	0	61334	156	436.66	SpawnRate	0.5	0.4	3000	10	0	240	0.6	15	0.7	0.2	
-0.002614498	0.1118642	0.188085	0	61521	161	437.66	SpawnRate	0.5	0.4	3000	10	0	240	0.6	15	0.7	0.2	
0.2981852	0.2918315	-0.1174356	0	61684	187	438.66	SpawnRate	0.5	0.4	3000	10	0	240	0.6	15	0.7	0.2	
0.04055135	0.2514301	0.3869525	0	61879	163	439.66	SpawnRate	0.5	0.4	3000	10	0	240	0.6	15	0.7	0.2	
-0.3002375	0.3669404	0.0736819	0	62052	195	440.66	SpawnRate	0.5	0.4	3000	10	0	240	0.6	15	0.7	0.2	
0.08774271	0.1270764	0.1351826	0	62226	173	441.66	SpawnRate	0.5	0.4	3000	10	0	240	0.6	15	0.7	0.2	
0.452741	0.1964202	0.3569752	0	62387	174	442.66	SpawnRate	0.5	0.4	3000	10	0	240	0.6	15	0.7	0.2	
0.2592608	0.3495499	0.1642558	0	62535	161	443.66	SpawnRate	0.5	0.4	3000	10	0	240	0.6	15	0.7	0.2	
-0.4713634	0.4027096	0.09021816	0	62722	148	444.66	SpawnRate	0.5	0.4	3000	10	0	240	0.6	15	0.7	0.2	
0.2479365	0.1092512	-0.04916849	0	62877	187	445.66	SpawnRate	0.5	0.4	3000	10	0	240	0.6	15	0.7	0.2	
0.2032532	0.1271513	-0.01219769	0	63039	155	446.66	SpawnRate	0.5	0.4	3000	10	0	240	0.6	15	0.7	0.2	
0.2746033	0.07390343	-0.2741969	0	63197	162	447.66	SpawnRate	0.5	0.4	3000	10	0	240	0.6	15	0.7	0.2	
-0.1030011	0.309564	-0.3682505	0	63379	158	448.66	SpawnRate	0.5	0.4	3000	10	0	240	0.6	15	0.7	0.2	
0.2911267	0.2685112	0.3566915	0	63564	182	449.66	SpawnRate	0.5	0.4	3000	10	0	240	0.6	15	0.7	0.2	
0.02561277	0.4792279	-0.02205334	0	63737	185	450.66	SpawnRate	0.5	0.4	3000	10	0	240	0.6	15	0.7	0.2	
-0.3222294	0.07613591	-0.37308	0	63912	173	451.66	SpawnRate	0.5	0.4	3000	10	0	240	0.6	15	0.7	0.2	
-0.07373972	0.216741	0.4400319	0	64073	175	452.66	SpawnRate	0.5	0.4	3000	10	0	240	0.6	15	0.7	0.2	
0.1392772	0.327598	0.1439067	0	64200	161	453.66	SpawnRate	0.5	0.4	3000	10	0	240	0.6	15	0.7	0.2	
0.1020151	0.09923732	0.2051359	0	64331	127	454.66	SpawnRate	0.5	0.4	3000	10	0	240	0.6	15	0.7	0.2	
-0.4288538	0.3918285	-0.08697128	0	64477	131	455.66	SpawnRate	0.5	0.4	3000	10	0	240	0.6	15	0.7	0.2	
-0.3111206	0.2807341	0.4093592	0	64621	146	456.66	SpawnRate	0.5	0.4	3000	10	0	240	0.6	15	0.7	0.2	
-0.1655141	0.2172158	0.4945597	0	64800	144	457.66	SpawnRate	0.5	0.4	3000	10	0	240	0.6	15	0.7	0.2	
-0.4289698	0.1113744	0.5155038	0	64945	179	458.66	SpawnRate	0.5	0.4	3000	10	0	240	0.6	15	0.7	0.2	
-0.3504719	0.5111999	-0.4601985	0	65132	145	459.66	SpawnRate	0.5	0.4	3000	10	0	240	0.6	15	0.7	0.2	
-0.04967673	0.2489989	-0.1831931	0	65288	187	460.66	SpawnRate	0.5	0.4	3000	10	0	240	0.6	15	0.7	0.2	
-0.1465936	0.2309197	-0.1492485	0	65465	156	461.66	SpawnRate	0.5	0.4	3000	10	0	240	0.6	15	0.7	0.2	
0.1395996	0.2335704	0.1559401	0	65636	177	462.66	SpawnRate	0.5	0.4	3000	10	0	240	0.6	15	0.7	0.2	
0.01817868	0.3221946	-0.1342615	0	65838	171	463.66	SpawnRate	0.5	0.4	3000	10	0	240	0.6	15	0.7	0.2	
0.507643	0.1847922	0.295266	0	65998	202	464.66	SpawnRate	0.5	0.4	3000	10	0	240	0.6	15	0.7	0.2	
-0.3511363	0.2535808	0.1391733	0	66154	160	465.66	SpawnRate	0.5	0.4	3000	10	0	240	0.6	15	0.7	0.2	
0.1484619	0.2755663	0.3811048	0	66329	156	466.66	SpawnRate	0.5	0.4	3000	10	0	240	0.6	15	0.7	0.2	
0.4793187	0.1293803	-0.2392274	0	66489	175	467.66	SpawnRate	0.5	0.4	3000	10	0	240	0.6	15	0.7	0.2	
0.155221	0.1743777	0.4696133	0	66673	160	468.66	SpawnRate	0.5	0.4	3000	10	0	240	0.6	15	0.7	0.2	
-0.09725945	0.2739763	-0.206095	0	66888	184	469.66	SpawnRate	0.5	0.4	3000	10	0	240	0.6	15	0.7	0.2	
-0.03418436	0.2296389	0.1788194	0	67067	215	470.66	SpawnRate	0.5	0.4	3000	10	0	240	0.6	15	0.7	0.2	
0.2551897	0.126663	-0.093945	0	67240	179	471.66	SpawnRate	0.5	0.4	3000	10	0	240	0.6	15	0.7	0.2	
-0.09916195	0.215382	-0.02707911	0	67401	173	472.66	SpawnRate	0.5	0.4	3000	10	0	240	0.6	15	0.7	0.2	
0.5314534	0.1839054	-0.05643453	0	67572	161	473.66	SpawnRate	0.5	0.4	3000	10	0	240	0.6	15	0.7	0.2	
0.1453105	0.5756957	0.3758529	0	67752	171	474.66	SpawnRate	0.5	0.4	3000	10	0	240	0.6	15	0.7	0.2	
0.3132898	0.1966102	-0.4359231	0	67919	180	475.66	SpawnRate	0.5	0.4	3000	10	0	240	0.6	15	0.7	0.2	
0.1643363	0.3566032	-0.11039	0	68094	167	476.66	SpawnRate	0.5	0.4	3000	10	0	240	0.6	15	0.7	0.2	
-0.3054793	0.3957496	-0.01495387	0	68234	175	477.66	SpawnRate	0.5	0.4	3000	10	0	240	0.6	15	0.7	0.2	
-0.3437341	0.397654	0.3048146	0	68386	140	478.66	SpawnRate	0.5	0.4	3000	10	0	240	0.6	15	0.7	0.2	
0.331038	0.09880853	0.344187	0	68558	152	479.66	SpawnRate	0.5	0.4	3000	10	0	240	0.6	15	0.7	0.2	
0.1711227	0.2493637	0.3775664	0	68721	172	480.66	SpawnRate	0.5	0.4	3000	10	0	240	0.6	15	0.7	0.2	
0.1823809	0.2595585	-0.04496355	0	68851	163	481.66	SpawnRate	0.5	0.4	3000	10	0	240	0.6	15	0.7	0.2	
-0.3411076	0.4788404	-0.2004412	0	69014	130	482.66	SpawnRate	0.5	0.4	3000	10	0	240	0.6	15	0.7	0.2	
0.04846942	0.3284414	-0.08693758	0	69138	163	483.66	SpawnRate	0.5	0.4	3000	10	0	240	0.6	15	0.7	0.2	
0.2562447	0.2131254	-0.3155828	0	69291	124	484.66	SpawnRate	0.5	0.4	3000	10	0	240	0.6	15	0.7	0.2	
0.09120035	0.386607	-0.04761187	0	69452	153	485.66	SpawnRate	0.5	0.4	3000	10	0	240	0.6	15	0.7	0.2	
-0.3473991	0.1741739	-0.4437265	0	69596	161	486.66	SpawnRate	0.5	0.4	3000	10	0	240	0.6	15	0.7	0.2	
-0.3776692	0.09465926	-0.4936096	0	69763	144	487.66	SpawnRate	0.5	0.4	3000	10	0	240	0.6	15	0.7	0.2	
-0.3244992	0.1157279	0.3844981	0	69914	167	488.66	SpawnRate	0.5	0.4	3000	10	0	240	0.6	15	0.7	0.2	
-0.3883094	0.09858659	0.3236839	0	70062	151	489.66	SpawnRate	0.5	0.4	3000	10	0	240	0.6	15	0.7	0.2	
0.1392945	0.09511199	-0.4774954	0	70185	148	490.66	SpawnRate	0.5	0.4	3000	10	0	240	0.6	15	0.7	0.2	
-0.02989546	0.4160756	0.2051346	0	70347	123	491.66	SpawnRate	0.5	0.4	3000	10	0	240	0.6	15	0.7	0.2	
-0.2075688	0.4125701	-0.1497711	0	70524	162	492.66	SpawnRate	0.5	0.4	3000	10	0	240	0.6	15	0.7	0.2	
-0.2840774	0.309632	0.1848383	0	70677	177	493.66	SpawnRate	0.5	0.4	3000	10	0	240	0.6	15	0.7	0.2	
-0.2683784	0.3910939	0.05721664	0	70863	153	494.66	SpawnRate	0.5	0.4	3000	10	0	240	0.6	15	0.7	0.2	
-0.1711371	0.4981003	0.1163277	0	71017	186	495.66	SpawnRate	0.5	0.4	3000	10	0	240	0.6	15	0.7	0.2	
0.500368	0.2363907	0.4361883	0	71167	154	496.66	SpawnRate	0.5	0.4	3000	10	0	240	0.6	15	0.7	0.2	
0.2185981	0.2202633	-0.1701992	0	71321	150	497.66	SpawnRate	0.5	0.4	3000	10	0	240	0.6	15	0.7	0.2	
0.1125571	0.4770808	0.07259226	0	71484	154	498.66	SpawnRate	0.5	0.4	3000	10	0	240	0.6	15	0.7	0.2	
-0.006007067	0.2548197	0.02814004	0	71652	163	499.66	SpawnRate	0.5	0.4	3000	10	0	240	0.6	15	0.7	0.2	
-0.2774071	0.3880189	0.2907332	0	71792	168	500.66	SpawnRate	0.5	0.4	3000	10	0	240	0.6	15	0.7	0.2	
0.1888068	0.1861181	-0.3833173	0	71947	140	501.66	SpawnRate	0.5	0.4	3000	10	0	240	0.6	15	0.7	0.2	
-0.1878599	0.3874396	-0.1387467	0	72096	155	502.66	SpawnRate	0.5	0.4	3000	10	0	240	0.6	15	0.7	0.2	
-0.4090997	0.3456381	-0.4505367	0	72254	149	503.66	SpawnRate	0.5	0.4	3000	10	0	240	0.6	15	0.7	0.2	
0.4180602	0.1204291	-0.06658805	0	72423	158	504.66	SpawnRate	0.5	0.4	3000	10	0	240	0.6	15	0.7	0.2	
-0.08177903	0.3473105	-0.1897679	0	72580	169	505.66	SpawnRate	0.5	0.4	3000	10	0	240	0.6	15	0.7	0.2	
-0.09605782	0.4482666	-0.0562796	0	72707	157	506.66	SpawnRate	0.5	0.4	3000	10	0	240	0.6	15	0.7	0.2	
0.465585	0.2512305	-0.1710319	0	72843	127	507.66	SpawnRate	0.5	0.4	3000	10	0	240	0.6	15	0.7	0.2	
-0.3393304	0.2006729	0.4522693	0	72985	136	508.66	SpawnRate	0.5	0.4	3000	10	0	240	0.6	15	0.7	0.2	
0.05504755	0.3795014	0.03540192	0	73100	142	509.66	SpawnRate	0.5	0.4	3000	10	0	240	0.6	15	0.7	0.2	
-0.1891321	0.2245919	-0.09690491	0	73265	115	510.66	SpawnRate	0.5	0.4	3000	10	0	240	0.6	15	0.7	0.2	
-0.4826279	0.3636733	-0.2562989	0	73438	165	511.66	SpawnRate	0.5	0.4	3000	10	0	240	0.6	15	0.7	0.2	
0.01134545	0.4354551	-0.029988	0	73562	173	512.66	SpawnRate	0.5	0.4	3000	10	0	240	0.6	15	0.7	0.2	
-0.251006	0.3744504	-0.1598156	0	73728	124	513.66	SpawnRate	0.5	0.4	3000	10	0	240	0.6	15	0.7	0.2	
-0.03917379	0.2512667	0.119007	0	73882	166	514.66	SpawnRate	0.5	0.4	3000	10	0	240	0.6	15	0.7	0.2	
0.05099373	0.3706912	0.01753874	0	74036	154	515.66	SpawnRate	0.5	0.4	3000	10	0	240	0.6	15	0.7	0.2	
-0.2929647	0.4253854	0.2277541	0	74223	154	516.66	SpawnRate	0.5	0.4	3000	10	0	240	0.6	15	0.7	0.2	
0.007641125	0.2510573	0.06742751	0	74404	187	517.66	SpawnRate	0.5	0.4	3000	10	0	240	0.6	15	0.7	0.2	
0.1482067	0.3723754	0.01194785	0	74607	181	518.66	SpawnRate	0.5	0.4	3000	10	0	240	0.6	15	0.7	0.2	
-0.2740909	0.4540207	0.1952993	0	74790	203	519.66	SpawnRate	0.5	0.4	3000	10	0	240	0.6	15	0.7	0.2	
-0.3296109	0.2405884	-0.2909559	0	74956	183	520.66	SpawnRate	0.5	0.4	3000	10	0	240	0.6	15	0.7	0.2	
-0.03494698	0.2525716	-0.3331256	0	75140	166	521.66	SpawnRate	0.5	0.4	3000	10	0	240	0.6	15	0.7	0.2	
-0.5228041	0.170567	-0.1990997	0	75295	184	522.66	SpawnRate	0.5	0.4	3000	10	0	240	0.6	15	0.7	0.2	
-0.245737	0.2001982	0.05657597	0	75448	155	523.66	SpawnRate	0.5	0.4	3000	10	0	240	0.6	15	0.7	0.2	
-0.4292574	0.3120319	0.4168546	0	75599	153	524.66	SpawnRate	0.5	0.4	3000	10	0	240	0.6	15	0.7	0.2	
0.3143681	0.3072379	-0.2399867	0	75752	151	525.66	SpawnRate	0.5	0.4	3000	10	0	240	0.6	15	0.7	0.2	
0.1550676	0.2576671	-0.07152128	0	75910	153	526.66	SpawnRate	0.5	0.4	3000	10	0	240	0.6	15	0.7	0.2	
-0.2116138	0.1570663	-0.08459031	0	76056	158	527.66	SpawnRate	0.5	0.4	3000	10	0	240	0.6	15	0.7	0.2	
0.2752991	0.353178	0.1255109	0	76211	146	528.66	SpawnRate	0.5	0.4	3000	10	0	240	0.6	15	0.7	0.2	
0.1528227	0.3482356	-0.04630181	0	76355	155	529.66	SpawnRate	0.5	0.4	3000	10	0	240	0.6	15	0.7	0.2	
-0.3801056	0.2218378	-0.2282771	0	76505	144	530.66	SpawnRate	0.5	0.4	3000	10	0	240	0.6	15	0.7	0.2	
-0.1343052	0.3168819	-0.1662275	0	76665	150	531.66	SpawnRate	0.5	0.4	3000	10	0	240	0.6	15	0.7	0.2	
0.3061906	0.282174	0.1759561	0	76806	160	532.66	SpawnRate	0.5	0.4	3000	10	0	240	0.6	15	0.7	0.2	
-0.05987825	0.08580282	0.1731719	0	76962	141	533.66	SpawnRate	0.5	0.4	3000	10	0	240	0.6	15	0.7	0.2	
0.07102773	0.2044223	-0.4086906	0	77102	156	534.66	SpawnRate	0.5	0.4	3000	10	0	240	0.6	15	0.7	0.2	
0.1683085	0.2697422	-0.07899196	0	77246	140	535.66	SpawnRate	0.5	0.4	3000	10	0	240	0.6	15	0.7	0.2	
0.0922844	0.08904712	-0.04473861	0	77394	144	536.66	SpawnRate	0.5	0.4	3000	10	0	240	0.6	15	0.7	0.2	
0.2297761	0.2866374	-0.1918529	0	77527	148	537.66	SpawnRate	0.5	0.4	3000	10	0	240	0.6	15	0.7	0.2	
0.1319365	0.3240156	-0.0799944	0	77713	133	538.66	SpawnRate	0.5	0.4	3000	10	0	240	0.6	15	0.7	0.2	
-0.3532429	0.2759903	-0.2258262	0	77875	186	539.66	SpawnRate	0.5	0.4	3000	10	0	240	0.6	15	0.7	0.2	
0.1556777	0.2337831	0.436443	0	78026	162	540.66	SpawnRate	0.5	0.4	3000	10	0	240	0.6	15	0.7	0.2	
-0.1859201	0.3871489	-0.07904056	0	78146	151	541.66	SpawnRate	0.5	0.4	3000	10	0	240	0.6	15	0.7	0.2	
0.1094676	0.1666684	0.3443446	0	78303	120	542.66	SpawnRate	0.5	0.4	3000	10	0	240	0.6	15	0.7	0.2	
0.2220444	0.2313855	-0.3029661	0	78456	157	543.66	SpawnRate	0.5	0.4	3000	10	0	240	0.6	15	0.7	0.2	
-0.159464	0.3978815	-0.02379802	0	78583	153	544.66	SpawnRate	0.5	0.4	3000	10	0	240	0.6	15	0.7	0.2	
0.2853473	0.3467453	0.07464065	0	78743	127	545.66	SpawnRate	0.5	0.4	3000	10	0	240	0.6	15	0.7	0.2	
0.1137402	0.2881736	0.3779669	0	78916	160	546.66	SpawnRate	0.5	0.4	3000	10	0	240	0.6	15	0.7	0.2	
0.1832466	0.3465305	0.2740703	0	79082	173	547.66	SpawnRate	0.5	0.4	3000	10	0	240	0.6	15	0.7	0.2	
-0.03714698	0.134353	0.02401807	0	79238	166	548.66	SpawnRate	0.5	0.4	3000	10	0	240	0.6	15	0.7	0.2	
0.007991219	0.3511851	-0.1447231	0	79410	156	549.66	SpawnRate	0.5	0.4	3000	10	0	240	0.6	15	0.7	0.2	
-0.09845861	0.2435066	-0.01377478	0	79540	172	550.66	SpawnRate	0.5	0.4	3000	10	0	240	0.6	15	0.7	0.2	
0.1157593	0.3593637	-0.09837615	0	79717	130	551.66	SpawnRate	0.5	0.4	3000	10	0	240	0.6	15	0.7	0.2	
0.03781096	0.3919801	-0.0681016	0	79858	177	552.66	SpawnRate	0.5	0.4	3000	10	0	240	0.6	15	0.7	0.2	
-0.01643235	0.3679935	-0.1706727	0	80057	141	553.66	SpawnRate	0.5	0.4	3000	10	0	240	0.6	15	0.7	0.2	
0.03489307	0.3440865	-0.001450857	0	80210	199	554.66	SpawnRate	0.5	0.4	3000	10	0	240	0.6	15	0.7	0.2	
-0.1085084	0.3335965	-0.3030847	0	80403	153	555.66	SpawnRate	0.5	0.4	3000	10	0	240	0.6	15	0.7	0.2	
-0.3041857	0.2740599	0.1826755	0	80600	193	556.66	SpawnRate	0.5	0.4	3000	10	0	240	0.6	15	0.7	0.2	
-0.09791879	0.2336233	-0.04048373	0	80794	197	557.66	SpawnRate	0.5	0.4	3000	10	0	240	0.6	15	0.7	0.2	
-0.3025246	0.1950122	-0.3193613	0	80952	194	558.66	SpawnRate	0.5	0.4	3000	10	0	240	0.6	15	0.7	0.2	
-0.00940609	0.3502631	-0.1714583	0	81101	158	559.66	SpawnRate	0.5	0.4	3000	10	0	240	0.6	15	0.7	0.2	
-0.5059176	0.2709592	0.2600529	0	81253	149	560.66	SpawnRate	0.5	0.4	3000	10	0	240	0.6	15	0.7	0.2	
0.5021117	0.2893577	-0.2188478	0	81443	152	561.66	SpawnRate	0.5	0.4	3000	10	0	240	0.6	15	0.7	0.2	
0.1790542	0.3765433	0.2217388	0	81650	190	562.66	SpawnRate	0.5	0.4	3000	10	0	240	0.6	15	0.7	0.2	
-0.01796424	0.3558646	-0.16465	0	81814	207	563.66	SpawnRate	0.5	0.4	3000	10	0	240	0.6	15	0.7	0.2	
-0.4309745	0.2523008	-0.2205247	0	82017	164	564.66	SpawnRate	0.5	0.4	3000	10	0	240	0.6	15	0.7	0.2	
-0.2734356	0.2541785	0.3529879	0	82205	203	565.66	SpawnRate	0.5	0.4	3000	10	0	240	0.6	15	0.7	0.2	
0.196866	0.3617343	0.05333808	0	82351	188	566.66	SpawnRate	0.5	0.4	3000	10	0	240	0.6	15	0.7	0.2	
-0.001686223	0.4901621	0.07742096	0	82513	146	567.66	SpawnRate	0.5	0.4	3000	10	0	240	0.6	15	0.7	0.2	
-0.1531423	0.09114848	0.1391932	0	82703	162	568.66	SpawnRate	0.5	0.4	3000	10	0	240	0.6	15	0.7	0.2	
0.04329408	0.2181613	-0.5017037	0	82880	190	569.66	SpawnRate	0.5	0.4	3000	10	0	240	0.6	15	0.7	0.2	
-0.2955392	0.2264104	-0.08370771	0	83060	177	570.66	SpawnRate	0.5	0.4	3000	10	0	240	0.6	15	0.7	0.2	
0.1500238	0.3457042	0.004228401	0	83270	180	571.66	SpawnRate	0.5	0.4	3000	10	0	240	0.6	15	0.7	0.2	
0.4838413	0.1462705	-0.4953832	0	83471	210	572.66	SpawnRate	0.5	0.4	3000	10	0	240	0.6	15	0.7	0.2	
-0.02260885	0.4184287	0.1696096	0	83662	201	573.66	SpawnRate	0.5	0.4	3000	10	0	240	0.6	15	0.7	0.2	
0.4245101	0.1389131	-0.1065565	0	83871	191	574.66	SpawnRate	0.5	0.4	3000	10	0	240	0.6	15	0.7	0.2	
-0.08792079	0.1801372	0.474552	0	84066	209	575.66	SpawnRate	0.5	0.4	3000	10	0	240	0.6	15	0.7	0.2	
0.3868065	0.1271273	-0.07613538	0	84242	195	576.66	SpawnRate	0.5	0.4	3000	10	0	240	0.6	15	0.7	0.2	
0.2485826	0.2716604	0.3872712	0	84393	176	577.66	SpawnRate	0.5	0.4	3000	10	0	240	0.6	15	0.7	0.2	
0.3232633	0.3134759	0.1775668	0	84544	151	578.66	SpawnRate	0.5	0.4	3000	10	0	240	0.6	15	0.7	0.2	
0.4941907	0.08447272	0.02184817	0	84735	151	579.66	SpawnRate	0.5	0.4	3000	10	0	240	0.6	15	0.7	0.2	
0.1806754	0.3753403	0.2372633	0	84933	191	580.66	SpawnRate	0.5	0.4	3000	10	0	240	0.6	15	0.7	0.2	
-0.284458	0.3787147	-0.1464791	0	85086	198	581.66	SpawnRate	0.5	0.4	3000	10	0	240	0.6	15	0.7	0.2	
-0.3490925	0.2621991	-0.4166196	0	85256	153	582.66	SpawnRate	0.5	0.4	3000	10	0	240	0.6	15	0.7	0.2	
0.2076484	0.2529372	-0.03151716	0	85395	170	583.66	SpawnRate	0.5	0.4	3000	10	0	240	0.6	15	0.7	0.2	
-0.0393768	0.3143353	-0.2377508	0	85563	139	584.66	SpawnRate	0.5	0.4	3000	10	0	240	0.6	15	0.7	0.2	
-0.09226643	0.4177723	-0.1488406	0	85734	168	585.66	SpawnRate	0.5	0.4	3000	10	0	240	0.6	15	0.7	0.2	
0.2946492	0.1347511	-0.1139738	0	85866	171	586.66	SpawnRate	0.5	0.4	3000	10	0	240	0.6	15	0.7	0.2	
0.2903695	0.1048081	-0.1984514	0	86029	132	587.66	SpawnRate	0.5	0.4	3000	10	0	240	0.6	15	0.7	0.2	
0.1027471	0.4799807	-0.2611043	0	86207	163	588.66	SpawnRate	0.5	0.4	3000	10	0	240	0.6	15	0.7	0.2	
-0.394461	0.2762905	0.3685191	0	86360	178	589.66	SpawnRate	0.5	0.4	3000	10	0	240	0.6	15	0.7	0.2	
0.04020983	0.09364643	0.3231999	0	86546	153	590.66	SpawnRate	0.5	0.4	3000	10	0	240	0.6	15	0.7	0.2	
0.155936	0.2279758	-0.4459665	0	86702	186	591.66	SpawnRate	0.5	0.4	3000	10	0	240	0.6	15	0.7	0.2	
-0.4805618	0.2458467	-0.3219635	0	86865	156	592.66	SpawnRate	0.5	0.4	3000	10	0	240	0.6	15	0.7	0.2	
-0.4483997	0.1162148	0.5047262	0	87031	163	593.66	SpawnRate	0.5	0.4	3000	10	0	240	0.6	15	0.7	0.2	
-0.01818155	0.1983209	0.008184051	0	87184	166	594.66	SpawnRate	0.5	0.4	3000	10	0	240	0.6	15	0.7	0.2	
0.2273525	0.1652891	-0.1480711	0	87291	153	595.66	SpawnRate	0.5	0.4	3000	10	0	240	0.6	15	0.7	0.2	
0.2302727	0.1529356	-0.1061161	0	87432	107	596.66	SpawnRate	0.5	0.4	3000	10	0	240	0.6	15	0.7	0.2	
0.4554607	0.1217204	-0.5061353	0	87598	141	597.66	SpawnRate	0.5	0.4	3000	10	0	240	0.6	15	0.7	0.2	
-0.209768	0.1918951	0.0523455	0	87790	166	598.66	SpawnRate	0.5	0.4	3000	10	0	240	0.6	15	0.7	0.2	
-0.3878372	0.1017922	-0.5094088	0	87975	192	599.66	SpawnRate	0.5	0.4	3000	10	0	240	0.6	15	0.7	0.2	
-0.2564491	0.2379502	0.349671	0	88188	185	600.66	SpawnRate	0.5	0.4	3000	10	0	240	0.6	15	0.7	0.2	
0.0849712	0.1037881	0.3213991	0	88363	213	601.66	SpawnRate	0.5	0.4	3000	10	0	240	0.6	15	0.7	0.2	
0.2278297	0.3534675	0.009836928	0	88534	175	602.66	SpawnRate	0.5	0.4	3000	10	0	240	0.6	15	0.7	0.2	
-0.06879819	0.3069731	-0.244658	0	88745	171	603.66	SpawnRate	0.5	0.4	3000	10	0	240	0.6	15	0.7	0.2	
0.3085345	0.2078501	-0.2545993	0	88965	211	604.66	SpawnRate	0.5	0.4	3000	10	0	240	0.6	15	0.7	0.2	
-0.1877308	0.2110833	0.4726099	0	89186	220	605.66	SpawnRate	0.5	0.4	3000	10	0	240	0.6	15	0.7	0.2	
0.05601819	0.3735165	-0.1266389	0	89419	221	606.66	SpawnRate	0.5	0.4	3000	10	0	240	0.6	15	0.7	0.2	
-0.3472663	0.2595857	-0.2156374	0	89601	233	607.66	SpawnRate	0.5	0.4	3000	10	0	240	0.6	15	0.7	0.2	
0.03790045	0.2339579	0.3524284	0	89777	182	608.66	SpawnRate	0.5	0.4	3000	10	0	240	0.6	15	0.7	0.2	
0.04255765	0.2900007	0.3388152	0	89970	176	609.66	SpawnRate	0.5	0.4	3000	10	0	240	0.6	15	0.7	0.2	
-0.3453566	0.3780709	-0.1633389	0	90166	193	610.66	SpawnRate	0.5	0.4	3000	10	0	240	0.6	15	0.7	0.2	
0.047422	0.4043659	0.01900787	0	90370	196	611.66	SpawnRate	0.5	0.4	3000	10	0	240	0.6	15	0.7	0.2	
0.3741555	0.2722566	0.1675141	0	90554	204	612.66	SpawnRate	0.5	0.4	3000	10	0	240	0.6	15	0.7	0.2	
-0.07106695	0.3158292	-0.294116	0	90726	184	613.66	SpawnRate	0.5	0.4	3000	10	0	240	0.6	15	0.7	0.2	
-0.3340059	0.07724997	-0.3438343	0	90887	172	614.66	SpawnRate	0.5	0.4	3000	10	0	240	0.6	15	0.7	0.2	
0.1566436	0.348591	0.007569409	0	91069	161	615.66	SpawnRate	0.5	0.4	3000	10	0	240	0.6	15	0.7	0.2	
0.06024037	0.3846556	-0.0822601	0	91234	182	616.66	SpawnRate	0.5	0.4	3000	10	0	240	0.6	15	0.7	0.2	
0.0260822	0.1519483	0.1853699	0	91448	165	617.66	SpawnRate	0.5	0.4	3000	10	0	240	0.6	15	0.7	0.2	
0.3272139	0.132955	-0.1047336	0	91630	214	618.66	SpawnRate	0.5	0.4	3000	10	0	240	0.6	15	0.7	0.2	
0.4464143	0.1283511	-0.3330328	0	91774	182	619.66	SpawnRate	0.5	0.4	3000	10	0	240	0.6	15	0.7	0.2	
-0.4726231	0.3776879	-0.01590843	0	91986	144	620.66	SpawnRate	0.5	0.4	3000	10	0	240	0.6	15	0.7	0.2	
-0.2485252	0.2296245	-0.06082566	0	92167	212	621.66	SpawnRate	0.5	0.4	3000	10	0	240	0.6	15	0.7	0.2	
-0.07639351	0.389571	-0.4351497	0	92333	181	622.66	SpawnRate	0.5	0.4	3000	10	0	240	0.6	15	0.7	0.2	
-0.08174495	0.385413	-0.1900342	0	92519	166	623.66	SpawnRate	0.5	0.4	3000	10	0	240	0.6	15	0.7	0.2	
-0.1760845	0.3821288	0.005322742	0	92692	186	624.66	SpawnRate	0.5	0.4	3000	10	0	240	0.6	15	0.7	0.2	
0.3231778	0.2871714	0.3848271	0	92862	173	625.66	SpawnRate	0.5	0.4	3000	10	0	240	0.6	15	0.7	0.2	
0.4167655	0.1226358	-0.1399349	0	93046	170	626.66	SpawnRate	0.5	0.4	3000	10	0	240	0.6	15	0.7	0.2	
0.1431886	0.2222686	0.06412487	0	93227	184	627.66	SpawnRate	0.5	0.4	3000	10	0	240	0.6	15	0.7	0.2	
0.1398528	0.3188469	-0.07003959	0	93439	181	628.66	SpawnRate	0.5	0.4	3000	10	0	240	0.6	15	0.7	0.2	
0.1185626	0.3354999	-0.1008645	0	93631	212	629.66	SpawnRate	0.5	0.4	3000	10	0	240	0.6	15	0.7	0.2	
0.2113333	0.3488044	-0.09552047	0	93765	192	630.66	SpawnRate	0.5	0.4	3000	10	0	240	0.6	15	0.7	0.2	
0.06631286	0.1153279	0.04922288	0	93920	134	631.66	SpawnRate	0.5	0.4	3000	10	0	240	0.6	15	0.7	0.2	
0.3980762	0.3071903	0.09834652	0	94056	155	632.66	SpawnRate	0.5	0.4	3000	10	0	240	0.6	15	0.7	0.2	
0.00562261	0.09316497	-0.4924541	0	94202	136	633.66	SpawnRate	0.5	0.4	3000	10	0	240	0.6	15	0.7	0.2	
-0.03359668	0.1821783	-0.007682165	0	94324	146	634.66	SpawnRate	0.5	0.4	3000	10	0	240	0.6	15	0.7	0.2	
0.04778312	0.4256182	-0.1134141	0	94494	122	635.66	SpawnRate	0.5	0.4	3000	10	0	240	0.6	15	0.7	0.2	
-0.141538	0.2369524	-0.08845663	0	94708	170	636.66	SpawnRate	0.5	0.4	3000	10	0	240	0.6	15	0.7	0.2	
-0.3589303	0.2398569	-0.1921738	0	94857	214	637.66	SpawnRate	0.5	0.4	3000	10	0	240	0.6	15	0.7	0.2	
-0.3389758	0.3878237	-0.07600769	0	95023	149	638.66	SpawnRate	0.5	0.4	3000	10	0	240	0.6	15	0.7	0.2	
-0.06139135	0.4685973	-0.1378597	0	95195	166	639.66	SpawnRate	0.5	0.4	3000	10	0	240	0.6	15	0.7	0.2	
0.04832624	0.2416367	-0.3701907	0	95378	172	640.66	SpawnRate	0.5	0.4	3000	10	0	240	0.6	15	0.7	0.2	
-0.1047076	0.4543817	-0.1424707	0	95516	183	641.66	SpawnRate	0.5	0.4	3000	10	0	240	0.6	15	0.7	0.2	
-0.0785732	0.2644216	-0.2710963	0	95692	138	642.66	SpawnRate	0.5	0.4	3000	10	0	240	0.6	15	0.7	0.2	
0.3643861	0.128493	-0.04647964	0	95845	176	643.66	SpawnRate	0.5	0.4	3000	10	0	240	0.6	15	0.7	0.2	
-0.4390908	0.2686558	0.4314614	0	96001	153	644.66	SpawnRate	0.5	0.4	3000	10	0	240	0.6	15	0.7	0.2	
0.4170152	0.2964436	0.04528837	0	96175	156	645.66	SpawnRate	0.5	0.4	3000	10	0	240	0.6	15	0.7	0.2	
-0.170304	0.09260672	-0.3109921	0	96341	174	646.66	SpawnRate	0.5	0.4	3000	10	0	240	0.6	15	0.7	0.2	
0.1160571	0.3795476	0.1267126	0	96523	166	647.66	SpawnRate	0.5	0.4	3000	10	0	240	0.6	15	0.7	0.2	
-0.0102788	0.2974313	-0.1564012	0	96687	182	648.66	SpawnRate	0.5	0.4	3000	10	0	240	0.6	15	0.7	0.2	
0.05094464	0.106535	0.3155434	0	96889	164	649.66	SpawnRate	0.5	0.4	3000	10	0	240	0.6	15	0.7	0.2	
0.1512864	0.3135558	-0.06851136	0	97062	202	650.66	SpawnRate	0.5	0.4	3000	10	0	240	0.6	15	0.7	0.2	
0.2228917	0.1583434	-0.1494428	0	97252	173	651.66	SpawnRate	0.5	0.4	3000	10	0	240	0.6	15	0.7	0.2	
-0.3099548	0.1942333	0.5046131	0	97411	190	652.66	SpawnRate	0.5	0.4	3000	10	0	240	0.6	15	0.7	0.2	
-0.3075083	0.3724133	0.2508223	0	97552	159	653.66	SpawnRate	0.5	0.4	3000	10	0	240	0.6	15	0.7	0.2	
0.4572663	0.1374031	-0.3796279	0	97692	141	654.66	SpawnRate	0.5	0.4	3000	10	0	240	0.6	15	0.7	0.2	
-0.2833707	0.2085197	0.5031382	0	97855	140	655.66	SpawnRate	0.5	0.4	3000	10	0	240	0.6	15	0.7	0.2	
-0.1519751	0.4193379	-0.1462764	0	98017	163	656.66	SpawnRate	0.5	0.4	3000	10	0	240	0.6	15	0.7	0.2	
0.349764	0.312494	0.100088	0	98200	162	657.66	SpawnRate	0.5	0.4	3000	10	0	240	0.6	15	0.7	0.2	
-0.03010613	0.3164409	0.171583	0	98347	183	658.66	SpawnRate	0.5	0.4	3000	10	0	240	0.6	15	0.7	0.2	
-0.4364376	0.268345	-0.2461305	0	98462	147	659.66	SpawnRate	0.5	0.4	3000	10	0	240	0.6	15	0.7	0.2	
-0.446467	0.3072764	0.3851204	0	98606	115	660.66	SpawnRate	0.5	0.4	3000	10	0	240	0.6	15	0.7	0.2	
0.4139268	0.2619443	0.2011051	0	98757	144	661.66	SpawnRate	0.5	0.4	3000	10	0	240	0.6	15	0.7	0.2	
0.4790569	0.1643719	0.3411509	0	98947	151	662.66	SpawnRate	0.5	0.4	3000	10	0	240	0.6	15	0.7	0.2	
0.3913225	0.1359718	-0.4449934	0	99142	190	663.66	SpawnRate	0.5	0.4	3000	10	0	240	0.6	15	0.7	0.2	
0.2244157	0.1123483	-0.1181175	0	99337	195	664.66	SpawnRate	0.5	0.4	3000	10	0	240	0.6	15	0.7	0.2	
0.2974211	0.2681797	0.381678	0	99500	195	665.66	SpawnRate	0.5	0.4	3000	10	0	240	0.6	15	0.7	0.2	
-0.344182	0.09185994	0.391126	0	99695	163	666.66	SpawnRate	0.5	0.4	3000	10	0	240	0.6	15	0.7	0.2	
-0.2095916	0.2836806	0.3839549	0	99885	195	667.66	SpawnRate	0.5	0.4	3000	10	0	240	0.6	15	0.7	0.2	
-0.1780613	0.4902974	0.1651765	0	100052	190	668.66	SpawnRate	0.5	0.4	3000	10	0	240	0.6	15	0.7	0.2	
-0.3992297	0.1504722	0.5168892	0	100214	167	669.66	SpawnRate	0.5	0.4	3000	10	0	240	0.6	15	0.7	0.2	
-0.4655692	0.3047246	0.4973951	0	100408	162	670.66	SpawnRate	0.5	0.4	3000	10	0	240	0.6	15	0.7	0.2	
-0.3156953	0.2437705	0.1694432	0	100593	194	671.66	SpawnRate	0.5	0.4	3000	10	0	240	0.6	15	0.7	0.2	
-0.1690548	0.1969606	0.4660664	0	100723	185	672.66	SpawnRate	0.5	0.4	3000	10	0	240	0.6	15	0.7	0.2	
0.3576712	0.1628877	0.41709	0	100856	130	673.66	SpawnRate	0.5	0.4	3000	10	0	240	0.6	15	0.7	0.2	
-0.3389369	0.3818887	-0.1086115	0	101016	133	674.66	SpawnRate	0.5	0.4	3000	10	0	240	0.6	15	0.7	0.2	
0.01611188	0.2374675	-0.3680588	0	101193	160	675.66	SpawnRate	0.5	0.4	3000	10	0	240	0.6	15	0.7	0.2	
-0.4540051	0.3731521	0.04256293	0	101387	177	676.66	SpawnRate	0.5	0.4	3000	10	0	240	0.6	15	0.7	0.2	
0.1455598	0.1052332	-0.46957	0	101528	194	677.66	SpawnRate	0.5	0.4	3000	10	0	240	0.6	15	0.7	0.2	
-0.2106682	0.4703999	-0.0445337	0	101682	141	678.66	SpawnRate	0.5	0.4	3000	10	0	240	0.6	15	0.7	0.2	
-0.1162282	0.3549249	-0.3367807	0	101846	154	679.66	SpawnRate	0.5	0.4	3000	10	0	240	0.6	15	0.7	0.2	
-0.4829061	0.1533003	0.3120895	0	102003	164	680.66	SpawnRate	0.5	0.4	3000	10	0	240	0.6	15	0.7	0.2	
0.4321812	0.1754789	0.3756381	0	102190	157	681.66	SpawnRate	0.5	0.4	3000	10	0	240	0.6	15	0.7	0.2	
0.1356554	0.3144708	0.3880022	0	102344	187	682.66	SpawnRate	0.5	0.4	3000	10	0	240	0.6	15	0.7	0.2	
-0.2011399	0.4112509	-0.1519723	0	102504	154	683.66	SpawnRate	0.5	0.4	3000	10	0	240	0.6	15	0.7	0.2	
-0.3727293	0.2061783	0.2951087	0	102654	160	684.66	SpawnRate	0.5	0.4	3000	10	0	240	0.6	15	0.7	0.2	
-0.4889766	0.11205	0.3262593	0	102783	150	685.66	SpawnRate	0.5	0.4	3000	10	0	240	0.6	15	0.7	0.2	
-0.1567922	0.3862229	-0.06542346	0	102951	129	686.66	SpawnRate	0.5	0.4	3000	10	0	240	0.6	15	0.7	0.2	
0.5087234	0.1495205	-0.4599807	0	103140	168	687.66	SpawnRate	0.5	0.4	3000	10	0	240	0.6	15	0.7	0.2	
-0.05067415	0.427269	-0.1992374	0	103323	189	688.66	SpawnRate	0.5	0.4	3000	10	0	240	0.6	15	0.7	0.2	
0.2125139	0.4526893	0.201937	0	103502	183	689.66	SpawnRate	0.5	0.4	3000	10	0	240	0.6	15	0.7	0.2	
-0.4038042	0.09557217	0.2952787	0	103691	179	690.66	SpawnRate	0.5	0.4	3000	10	0	240	0.6	15	0.7	0.2	
0.3293795	0.231745	0.2879726	0	103901	189	691.66	SpawnRate	0.5	0.4	3000	10	0	240	0.6	15	0.7	0.2	
0.3809012	0.1221107	-0.420709	0	104082	210	692.66	SpawnRate	0.5	0.4	3000	10	0	240	0.6	15	0.7	0.2	
0.2290227	0.2775264	0.3879098	0	104262	181	693.66	SpawnRate	0.5	0.4	3000	10	0	240	0.6	15	0.7	0.2	
0.3234722	0.263261	0.3379615	0	104436	180	694.66	SpawnRate	0.5	0.4	3000	10	0	240	0.6	15	0.7	0.2	
-0.2675566	0.3233153	-0.2989249	0	104613	174	695.66	SpawnRate	0.5	0.4	3000	10	0	240	0.6	15	0.7	0.2	
-0.4604248	0.3586573	0.1417701	0	104772	177	696.66	SpawnRate	0.5	0.4	3000	10	0	240	0.6	15	0.7	0.2	
0.08870926	0.2408321	-0.3899693	0	104926	159	697.66	SpawnRate	0.5	0.4	3000	10	0	240	0.6	15	0.7	0.2	
-0.2866745	0.3191634	-0.5098974	0	105094	154	698.66	SpawnRate	0.5	0.4	3000	10	0	240	0.6	15	0.7	0.2	
0.4945758	0.1926282	0.1905615	0	105263	168	699.66	SpawnRate	0.5	0.4	3000	10	0	240	0.6	15	0.7	0.2	
-0.2707115	0.2600864	0.1364338	0	105422	169	700.66	SpawnRate	0.5	0.4	3000	10	0	240	0.6	15	0.7	0.2	
-0.1198063	0.1168047	0.4938837	0	105631	159	701.66	SpawnRate	0.5	0.4	3000	10	0	240	0.6	15	0.7	0.2	
-0.4630642	0.2710409	0.4043984	0	105809	209	702.66	SpawnRate	0.5	0.4	3000	10	0	240	0.6	15	0.7	0.2	
-0.1075207	0.4413986	-0.0421346	0	105975	178	703.66	SpawnRate	0.5	0.4	3000	10	0	240	0.6	15	0.7	0.2	
-0.1111031	0.4941445	-0.00638485	0	106163	166	704.66	SpawnRate	0.5	0.4	3000	10	0	240	0.6	15	0.7	0.2	
-0.3771309	0.09677936	0.2317316	0	106398	188	705.66	SpawnRate	0.5	0.4	3000	10	0	240	0.6	15	0.7	0.2	
-0.1088518	0.2510507	-0.2973796	0	106605	235	706.66	SpawnRate	0.5	0.4	3000	10	0	240	0.6	15	0.7	0.2	
0.4782229	0.2479241	-0.4816388	0	106786	207	707.66	SpawnRate	0.5	0.4	3000	10	0	240	0.6	15	0.7	0.2	
-0.08594789	0.2720825	-0.1992941	0	106956	181	708.66	SpawnRate	0.5	0.4	3000	10	0	240	0.6	15	0.7	0.2	
0.2332711	0.2774667	-0.006555112	0	107146	170	709.66	SpawnRate	0.5	0.4	3000	10	0	240	0.6	15	0.7	0.2	
0.07182585	0.3715603	-0.08134308	0	107354	190	710.66	SpawnRate	0.5	0.4	3000	10	0	240	0.6	15	0.7	0.2	
0.1800281	0.1151645	0.1658521	0	107587	208	711.66	SpawnRate	0.5	0.4	3000	10	0	240	0.6	15	0.7	0.2	
0.2879695	0.1077902	-0.04703089	0	107768	233	712.66	SpawnRate	0.5	0.4	3000	10	0	240	0.6	15	0.7	0.2	
-0.1363095	0.2359233	0.4376179	0	107956	181	713.66	SpawnRate	0.5	0.4	3000	10	0	240	0.6	15	0.7	0.2	
-0.02207368	0.3977692	-0.3408067	0	108166	188	714.66	SpawnRate	0.5	0.4	3000	10	0	240	0.6	15	0.7	0.2	
-0.1030723	0.2706576	-0.2096071	0	108336	210	715.66	SpawnRate	0.5	0.4	3000	10	0	240	0.6	15	0.7	0.2	
0.3531989	0.5162649	-0.2620397	0	108536	170	716.66	SpawnRate	0.5	0.4	3000	10	0	240	0.6	15	0.7	0.2	
0.3540325	0.1857061	-0.3263389	0	108717	200	717.66	SpawnRate	0.5	0.4	3000	10	0	240	0.6	15	0.7	0.2	
-0.2923163	0.3272209	-0.007089901	0	108876	181	718.66	SpawnRate	0.5	0.4	3000	10	0	240	0.6	15	0.7	0.2	
0.1416833	0.1405741	0.3361902	0	109016	159	719.66	SpawnRate	0.5	0.4	3000	10	0	240	0.6	15	0.7	0.2	
-0.3780513	0.3322063	-0.2777543	0	109199	140	720.66	SpawnRate	0.5	0.4	3000	10	0	240	0.6	15	0.7	0.2	
-0.4509353	0.3651538	-0.4175777	0	109362	183	721.66	SpawnRate	0.5	0.4	3000	10	0	240	0.6	15	0.7	0.2	
-0.4592178	0.4838366	0.2624146	0	109511	163	722.66	SpawnRate	0.5	0.4	3000	10	0	240	0.6	15	0.7	0.2	
0.5147582	0.1000322	0.0867122	0	109639	149	723.66	SpawnRate	0.5	0.4	3000	10	0	240	0.6	15	0.7	0.2	
0.1996143	0.2485971	-0.1582498	0	109784	128	724.66	SpawnRate	0.5	0.4	3000	10	0	240	0.6	15	0.7	0.2	
0.1695287	0.2581207	0.3741381	0	109935	145	725.66	SpawnRate	0.5	0.4	3000	10	0	240	0.6	15	0.7	0.2	
0.4342833	0.1588929	-0.1173122	0	110075	151	726.66	SpawnRate	0.5	0.4	3000	10	0	240	0.6	15	0.7	0.2	
0.00940609	0.3819909	-0.1444827	0	110189	140	727.66	SpawnRate	0.5	0.4	3000	10	0	240	0.6	15	0.7	0.2	
0.4057432	0.2637044	0.2560633	0	110387	114	728.66	SpawnRate	0.5	0.4	3000	10	0	240	0.6	15	0.7	0.2	
0.1214606	0.3944004	0.2830863	0	110574	198	729.66	SpawnRate	0.5	0.4	3000	10	0	240	0.6	15	0.7	0.2	
0.06345847	0.07336289	-0.369833	0	110731	187	730.66	SpawnRate	0.5	0.4	3000	10	0	240	0.6	15	0.7	0.2	
0.2241263	0.2830291	0.3966258	0	110856	157	731.66	SpawnRate	0.5	0.4	3000	10	0	240	0.6	15	0.7	0.2	
0.4539793	0.2331621	0.4956642	0	110981	125	732.66	SpawnRate	0.5	0.4	3000	10	0	240	0.6	15	0.7	0.2	
0.08006497	0.3506044	-0.1150534	0	111128	125	733.66	SpawnRate	0.5	0.4	3000	10	0	240	0.6	15	0.7	0.2	
0.082654	0.3780998	0.03886967	0	111278	147	734.66	SpawnRate	0.5	0.4	3000	10	0	240	0.6	15	0.7	0.2	
0.09357093	0.431225	0.02685645	0	111424	150	735.66	SpawnRate	0.5	0.4	3000	10	0	240	0.6	15	0.7	0.2	
0.4786147	0.1258935	-0.4357318	0	111572	146	736.66	SpawnRate	0.5	0.4	3000	10	0	240	0.6	15	0.7	0.2	
0.3227999	0.2955957	-0.01057129	0	111748	148	737.66	SpawnRate	0.5	0.4	3000	10	0	240	0.6	15	0.7	0.2	
-0.0368797	0.3694994	-0.1969451	0	111892	176	738.66	SpawnRate	0.5	0.4	3000	10	0	240	0.6	15	0.7	0.2	
0.4958116	0.1499893	-0.2460282	0	112031	144	739.66	SpawnRate	0.5	0.4	3000	10	0	240	0.6	15	0.7	0.2	
0.2533633	0.3267815	0.01334572	0	112211	139	740.66	SpawnRate	0.5	0.4	3000	10	0	240	0.6	15	0.7	0.2	
0.2055003	0.1684617	-0.1011322	0	112356	180	741.66	SpawnRate	0.5	0.4	3000	10	0	240	0.6	15	0.7	0.2	
-0.4251137	0.4119774	-0.08588457	0	112529	145	742.66	SpawnRate	0.5	0.4	3000	10	0	240	0.6	15	0.7	0.2	
0.1777769	0.2955179	-0.07489856	0	112690	173	743.66	SpawnRate	0.5	0.4	3000	10	0	240	0.6	15	0.7	0.2	
-0.3383497	0.3848324	0.2645186	0	112851	161	744.66	SpawnRate	0.5	0.4	3000	10	0	240	0.6	15	0.7	0.2	
0.1376592	0.3105367	-0.09975942	0	113009	161	745.66	SpawnRate	0.5	0.4	3000	10	0	240	0.6	15	0.7	0.2	
0.412113	0.2176944	-0.5131426	0	113149	158	746.66	SpawnRate	0.5	0.4	3000	10	0	240	0.6	15	0.7	0.2	
-0.4304588	0.198223	-0.223951	0	113288	140	747.66	SpawnRate	0.5	0.4	3000	10	0	240	0.6	15	0.7	0.2	
-0.3061044	0.08582128	-0.3824653	0	113397	139	748.66	SpawnRate	0.5	0.4	3000	10	0	240	0.6	15	0.7	0.2	
-0.1083428	0.07751231	0.1632179	0	113518	109	749.66	SpawnRate	0.5	0.4	3000	10	0	240	0.6	15	0.7	0.2	
-0.4935098	0.4253845	0.09823812	0	113638	121	750.66	SpawnRate	0.5	0.4	3000	10	0	240	0.6	15	0.7	0.2	
-0.4995268	0.2576645	0.4387816	0	113749	120	751.66	SpawnRate	0.5	0.4	3000	10	0	240	0.6	15	0.7	0.2	
0.2719693	0.3236369	0.1449657	0	113851	111	752.66	SpawnRate	0.5	0.4	3000	10	0	240	0.6	15	0.7	0.2	
-0.1463834	0.3858176	-0.07291953	0	113995	102	753.66	SpawnRate	0.5	0.4	3000	10	0	240	0.6	15	0.7	0.2	
-0.4429536	0.3958266	0.04412101	0	114112	144	754.66	SpawnRate	0.5	0.4	3000	10	0	240	0.6	15	0.7	0.2	
0.3923042	0.2698549	0.1328391	0	114255	117	755.66	SpawnRate	0.5	0.4	3000	10	0	240	0.6	15	0.7	0.2	
0.4000243	0.2423883	0.1452594	0	114392	143	756.66	SpawnRate	0.5	0.4	3000	10	0	240	0.6	15	0.7	0.2	
-0.1068571	0.315168	-0.3026851	0	114555	137	757.66	SpawnRate	0.5	0.4	3000	10	0	240	0.6	15	0.7	0.2	
-0.04740012	0.2514001	-0.3305745	0	114691	163	758.66	SpawnRate	0.5	0.4	3000	10	0	240	0.6	15	0.7	0.2	
-0.06543452	0.2782233	-0.2646533	0	114835	136	759.66	SpawnRate	0.5	0.4	3000	10	0	240	0.6	15	0.7	0.2	
0.2159196	0.2098772	-0.3724212	0	114983	144	760.66	SpawnRate	0.5	0.4	3000	10	0	240	0.6	15	0.7	0.2	
0.2188545	0.2195223	-0.1396982	0	115142	148	761.66	SpawnRate	0.5	0.4	3000	10	0	240	0.6	15	0.7	0.2	
0.278648	0.1800759	-0.1114946	0	115305	159	762.66	SpawnRate	0.5	0.4	3000	10	0	240	0.6	15	0.7	0.2	
0.08617093	0.2430609	-0.3910669	0	115422	163	763.66	SpawnRate	0.5	0.4	3000	10	0	240	0.6	15	0.7	0.2	
-0.255724	0.1066026	-0.3383418	0	115576	117	764.66	SpawnRate	0.5	0.4	3000	10	0	240	0.6	15	0.7	0.2	
0.3496996	0.2878254	0.2196675	0	115728	154	765.66	SpawnRate	0.5	0.4	3000	10	0	240	0.6	15	0.7	0.2	
0.2822269	0.3345985	0.1009013	0	115909	152	766.66	SpawnRate	0.5	0.4	3000	10	0	240	0.6	15	0.7	0.2	
-0.194367	0.08415828	-0.02491875	0	116103	181	767.66	SpawnRate	0.5	0.4	3000	10	0	240	0.6	15	0.7	0.2	
0.3707739	0.1224208	-0.4037794	0	116304	194	768.66	SpawnRate	0.5	0.4	3000	10	0	240	0.6	15	0.7	0.2	
0.08077879	0.3504699	-0.1146024	0	116526	201	769.66	SpawnRate	0.5	0.4	3000	10	0	240	0.6	15	0.7	0.2	
0.2329057	0.1126859	0.1475904	0	116717	222	770.66	SpawnRate	0.5	0.4	3000	10	0	240	0.6	15	0.7	0.2	
-0.172986	0.07606783	0.1098425	0	116873	191	771.66	SpawnRate	0.5	0.4	3000	10	0	240	0.6	15	0.7	0.2	
-0.4686791	0.2770544	0.3885817	0	117049	156	772.66	SpawnRate	0.5	0.4	3000	10	0	240	0.6	15	0.7	0.2	
-0.1954441	0.3205633	-0.313923	0	117238	176	773.66	SpawnRate	0.5	0.4	3000	10	0	240	0.6	15	0.7	0.2	
-0.2717796	0.2322205	0.07942505	0	117402	189	774.66	SpawnRate	0.5	0.4	3000	10	0	240	0.6	15	0.7	0.2	
0.03288784	0.2610809	0.1788655	0	117545	164	775.66	SpawnRate	0.5	0.4	3000	10	0	240	0.6	15	0.7	0.2	
-0.5270849	0.2183013	-0.3408987	0	117676	143	776.66	SpawnRate	0.5	0.4	3000	10	0	240	0.6	15	0.7	0.2	
0.3258112	0.09758317	-0.04628449	0	117821	131	777.66	SpawnRate	0.5	0.4	3000	10	0	240	0.6	15	0.7	0.2	
0.2353321	0.2575012	0.3860187	0	117987	145	778.66	SpawnRate	0.5	0.4	3000	10	0	240	0.6	15	0.7	0.2	
0.2538275	0.3279113	0.3708099	0	118139	166	779.66	SpawnRate	0.5	0.4	3000	10	0	240	0.6	15	0.7	0.2	
0.506092	0.1169777	-0.02431771	0	118270	152	780.66	SpawnRate	0.5	0.4	3000	10	0	240	0.6	15	0.7	0.2	
-0.3487996	0.07462987	-0.4171346	0	118422	131	781.66	SpawnRate	0.5	0.4	3000	10	0	240	0.6	15	0.7	0.2	
0.4784417	0.1246148	-0.2168211	0	118588	152	782.66	SpawnRate	0.5	0.4	3000	10	0	240	0.6	15	0.7	0.2	
0.2357177	0.1153106	-0.1531339	0	118727	166	783.66	SpawnRate	0.5	0.4	3000	10	0	240	0.6	15	0.7	0.2	
-0.02379697	0.4783651	-0.0584253	0	118863	139	784.66	SpawnRate	0.5	0.4	3000	10	0	240	0.6	15	0.7	0.2	
-0.3519173	0.1383342	0.3291169	0	119032	136	785.66	SpawnRate	0.5	0.4	3000	10	0	240	0.6	15	0.7	0.2	
0.4962911	0.2559991	-0.2557342	0	119172	169	786.66	SpawnRate	0.5	0.4	3000	10	0	240	0.6	15	0.7	0.2	
0.00202446	0.1008597	-0.03402729	0	119341	140	787.66	SpawnRate	0.5	0.4	3000	10	0	240	0.6	15	0.7	0.2	
0.1376864	0.1559099	-0.05775512	0	119461	169	788.66	SpawnRate	0.5	0.4	3000	10	0	240	0.6	15	0.7	0.2	
-0.4273426	0.3855605	-0.4880615	0	119622	120	789.66	SpawnRate	0.5	0.4	3000	10	0	240	0.6	15	0.7	0.2	
0.2805702	0.2699452	0.3760342	0	119760	161	790.66	SpawnRate	0.5	0.4	3000	10	0	240	0.6	15	0.7	0.2	
0.09508941	0.4629826	-0.2530116	0	119890	138	791.66	SpawnRate	0.5	0.4	3000	10	0	240	0.6	15	0.7	0.2	
0.2378897	0.2386024	-0.2683446	0	120042	130	792.66	SpawnRate	0.5	0.4	3000	10	0	240	0.6	15	0.7	0.2	
-0.1772772	0.4874232	0.1983216	0	120173	152	793.66	SpawnRate	0.5	0.4	3000	10	0	240	0.6	15	0.7	0.2	
-0.339466	0.3043777	0.3361812	0	120342	131	794.66	SpawnRate	0.5	0.4	3000	10	0	240	0.6	15	0.7	0.2	
0.06385768	0.3666753	-0.08573844	0	120470	169	795.66	SpawnRate	0.5	0.4	3000	10	0	240	0.6	15	0.7	0.2	
-0.5130281	0.2813734	0.4043265	0	120630	128	796.66	SpawnRate	0.5	0.4	3000	10	0	240	0.6	15	0.7	0.2	
-0.2752982	0.2963136	0.01156925	0	120746	160	797.66	SpawnRate	0.5	0.4	3000	10	0	240	0.6	15	0.7	0.2	
0.05035362	0.33536	0.156256	0	120911	116	798.66	SpawnRate	0.5	0.4	3000	10	0	240	0.6	15	0.7	0.2	
-0.1511153	0.1195391	0.1249201	0	121051	165	799.66	SpawnRate	0.5	0.4	3000	10	0	240	0.6	15	0.7	0.2	
0.2569675	0.1739655	-0.150066	0	121191	140	800.66	SpawnRate	0.5	0.4	3000	10	0	240	0.6	15	0.7	0.2	
0.06414086	0.4642278	0.1305149	0	121354	140	801.66	SpawnRate	0.5	0.4	3000	10	0	240	0.6	15	0.7	0.2	
0.04013173	0.4104505	0.1118831	0	121507	163	802.66	SpawnRate	0.5	0.4	3000	10	0	240	0.6	15	0.7	0.2	
0.04321702	0.4257016	0.139756	0	121668	153	803.66	SpawnRate	0.5	0.4	3000	10	0	240	0.6	15	0.7	0.2	
0.0585007	0.3460498	-0.09732984	0	121823	161	804.66	SpawnRate	0.5	0.4	3000	10	0	240	0.6	15	0.7	0.2	
-0.2090497	0.250692	0.416977	0	121983	155	805.66	SpawnRate	0.5	0.4	3000	10	0	240	0.6	15	0.7	0.2	
0.478624	0.2662887	-0.2419128	0	122155	160	806.66	SpawnRate	0.5	0.4	3000	10	0	240	0.6	15	0.7	0.2	
0.3433393	0.1933952	-0.1069207	0	122340	172	807.66	SpawnRate	0.5	0.4	3000	10	0	240	0.6	15	0.7	0.2	
0.1202027	0.3801629	-0.08678862	0	122507	185	808.66	SpawnRate	0.5	0.4	3000	10	0	240	0.6	15	0.7	0.2	
0.4281429	0.244228	-0.146472	0	122663	167	809.66	SpawnRate	0.5	0.4	3000	10	0	240	0.6	15	0.7	0.2	
-0.3865865	0.4312777	-0.2364169	0	122806	156	810.66	SpawnRate	0.5	0.4	3000	10	0	240	0.6	15	0.7	0.2	
0.1153291	0.3316185	-0.07542607	0	122921	143	811.66	SpawnRate	0.5	0.4	3000	10	0	240	0.6	15	0.7	0.2	
-0.392746	0.1164171	0.5074083	0	123073	115	812.66	SpawnRate	0.5	0.4	3000	10	0	240	0.6	15	0.7	0.2	
0.285966	0.3122569	0.1407151	0	123257	152	813.66	SpawnRate	0.5	0.4	3000	10	0	240	0.6	15	0.7	0.2	
0.2529594	0.3159334	0.1292589	0	123411	184	814.66	SpawnRate	0.5	0.4	3000	10	0	240	0.6	15	0.7	0.2	
-0.08190044	0.2572641	-0.2328282	0	123558	154	815.66	SpawnRate	0.5	0.4	3000	10	0	240	0.6	15	0.7	0.2	
-0.3694497	0.2601932	0.3267385	0	123704	147	816.66	SpawnRate	0.5	0.4	3000	10	0	240	0.6	15	0.7	0.2	
0.04426251	0.3379742	-0.1154149	0	123860	146	817.66	SpawnRate	0.5	0.4	3000	10	0	240	0.6	15	0.7	0.2	
-0.04820439	0.325449	0.2834026	0	124048	156	818.66	SpawnRate	0.5	0.4	3000	10	0	240	0.6	15	0.7	0.2	
0.01228603	0.3339673	-0.07533862	0	124215	188	819.66	SpawnRate	0.5	0.4	3000	10	0	240	0.6	15	0.7	0.2	
0.2490728	0.2171636	-0.2671171	0	124372	167	820.66	SpawnRate	0.5	0.4	3000	10	0	240	0.6	15	0.7	0.2	
0.07009942	0.1902376	-0.4094396	0	124512	157	821.66	SpawnRate	0.5	0.4	3000	10	0	240	0.6	15	0.7	0.2	
-0.1889056	0.09710763	0.1722794	0	124669	140	822.66	SpawnRate	0.5	0.4	3000	10	0	240	0.6	15	0.7	0.2	
0.3931333	0.2802479	0.1731978	0	124812	157	823.66	SpawnRate	0.5	0.4	3000	10	0	240	0.6	15	0.7	0.2	
-0.2784194	0.2513462	-0.09363168	0	125015	143	824.66	SpawnRate	0.5	0.4	3000	10	0	240	0.6	15	0.7	0.2	
-0.2598217	0.3604256	-0.3066759	0	125152	203	825.66	SpawnRate	0.5	0.4	3000	10	0	240	0.6	15	0.7	0.2	
0.1781259	0.3427608	0.2788747	0	125293	137	826.66	SpawnRate	0.5	0.4	3000	10	0	240	0.6	15	0.7	0.2	
-0.5011611	0.3591522	-0.01994155	0	125465	141	827.66	SpawnRate	0.5	0.4	3000	10	0	240	0.6	15	0.7	0.2	
-0.1769261	0.09290046	-0.04596402	0	125637	172	828.66	SpawnRate	0.5	0.4	3000	10	0	240	0.6	15	0.7	0.2	
-0.07665418	0.1637496	0.01309509	0	125802	172	829.66	SpawnRate	0.5	0.4	3000	10	0	240	0.6	15	0.7	0.2	
0.2645271	0.2625445	0.385734	0	125979	165	830.66	SpawnRate	0.5	0.4	3000	10	0	240	0.6	15	0.7	0.2	
0.1993483	0.242436	-0.1425795	0	126149	177	831.66	SpawnRate	0.5	0.4	3000	10	0	240	0.6	15	0.7	0.2	
-0.14782	0.2270941	0.1644718	0	126355	170	832.66	SpawnRate	0.5	0.4	3000	10	0	240	0.6	15	0.7	0.2	
0.4093949	0.2567105	-0.1513546	0	126550	206	833.66	SpawnRate	0.5	0.4	3000	10	0	240	0.6	15	0.7	0.2	
-0.1379531	0.3671452	-0.04059505	0	126702	195	834.66	SpawnRate	0.5	0.4	3000	10	0	240	0.6	15	0.7	0.2	
-0.1010543	0.09827486	0.1642733	0	126870	152	835.66	SpawnRate	0.5	0.4	3000	10	0	240	0.6	15	0.7	0.2	
0.4049568	0.236682	-0.51485	0	127026	168	836.66	SpawnRate	0.5	0.4	3000	10	0	240	0.6	15	0.7	0.2	
0.07839699	0.368718	-0.08651736	0	127224	156	837.66	SpawnRate	0.5	0.4	3000	10	0	240	0.6	15	0.7	0.2	
-0.01003586	0.4655824	-0.2838373	0	127361	198	838.66	SpawnRate	0.5	0.4	3000	10	0	240	0.6	15	0.7	0.2	
0.2316491	0.268898	0.4178911	0	127500	137	839.66	SpawnRate	0.5	0.4	3000	10	0	240	0.6	15	0.7	0.2	
0.1373087	0.3445827	0.2951764	0	127645	139	840.66	SpawnRate	0.5	0.4	3000	10	0	240	0.6	15	0.7	0.2	
-0.04397348	0.3479156	-0.2128582	0	127816	145	841.66	SpawnRate	0.5	0.4	3000	10	0	240	0.6	15	0.7	0.2	
0.2727823	0.1989825	-0.07421315	0	128009	171	842.66	SpawnRate	0.5	0.4	3000	10	0	240	0.6	15	0.7	0.2	
-0.4050594	0.2728005	0.4163283	0	128178	193	843.66	SpawnRate	0.5	0.4	3000	10	0	240	0.6	15	0.7	0.2	
-0.5245615	0.2331822	0.2299864	0	128336	169	844.66	SpawnRate	0.5	0.4	3000	10	0	240	0.6	15	0.7	0.2	
-0.1509502	0.264137	-0.09816265	0	128519	158	845.66	SpawnRate	0.5	0.4	3000	10	0	240	0.6	15	0.7	0.2	
0.3417619	0.1005429	0.3386911	0	128725	183	846.66	SpawnRate	0.5	0.4	3000	10	0	240	0.6	15	0.7	0.2	
-0.4516305	0.3791777	-0.4713348	0	128906	206	847.66	SpawnRate	0.5	0.4	3000	10	0	240	0.6	15	0.7	0.2	
0.4930402	0.1254193	-0.4758725	0	129071	181	848.66	SpawnRate	0.5	0.4	3000	10	0	240	0.6	15	0.7	0.2	
-0.1752441	0.2109217	0.02022111	0	129241	165	849.66	SpawnRate	0.5	0.4	3000	10	0	240	0.6	15	0.7	0.2	
0.2658316	0.3392623	0.04008967	0	129434	170	850.66	SpawnRate	0.5	0.4	3000	10	0	240	0.6	15	0.7	0.2	
-0.3534135	0.2486481	0.512747	0	129602	193	851.66	SpawnRate	0.5	0.4	3000	10	0	240	0.6	15	0.7	0.2	
0.293093	0.3123969	0.1503695	0	129737	168	852.66	SpawnRate	0.5	0.4	3000	10	0	240	0.6	15	0.7	0.2	
0.3154835	0.2996043	0.1719456	0	129901	135	853.66	SpawnRate	0.5	0.4	3000	10	0	240	0.6	15	0.7	0.2	
-0.3721584	0.2511515	0.3103925	0	130022	164	854.66	SpawnRate	0.5	0.4	3000	10	0	240	0.6	15	0.7	0.2	
-0.3571472	0.2391257	0.1605769	0	130168	121	855.66	SpawnRate	0.5	0.4	3000	10	0	240	0.6	15	0.7	0.2	
0.2542851	0.2364317	-0.3154034	0	130302	146	856.66	SpawnRate	0.5	0.4	3000	10	0	240	0.6	15	0.7	0.2	
0.09333652	0.2349973	-0.4772274	0	130495	134	857.66	SpawnRate	0.5	0.4	3000	10	0	240	0.6	15	0.7	0.2	
0.4008845	0.117174	-0.07958282	0	130687	193	858.66	SpawnRate	0.5	0.4	3000	10	0	240	0.6	15	0.7	0.2	
-0.2488179	0.2763072	0.1696738	0	130855	192	859.66	SpawnRate	0.5	0.4	3000	10	0	240	0.6	15	0.7	0.2	
0.3465635	0.2183572	-0.4546536	0	131016	168	860.66	SpawnRate	0.5	0.4	3000	10	0	240	0.6	15	0.7	0.2	
0.2357121	0.3170651	0.1478715	0	131191	161	861.66	SpawnRate	0.5	0.4	3000	10	0	240	0.6	15	0.7	0.2	
0.3090935	0.3149754	-0.04040747	0	131359	175	862.66	SpawnRate	0.5	0.4	3000	10	0	240	0.6	15	0.7	0.2	
-0.2393827	0.2584352	-0.1029787	0	131534	168	863.66	SpawnRate	0.5	0.4	3000	10	0	240	0.6	15	0.7	0.2	
0.2626161	0.369797	-0.1461538	0	131687	175	864.66	SpawnRate	0.5	0.4	3000	10	0	240	0.6	15	0.7	0.2	
0.01646096	0.2715956	0.05217533	0	131856	153	865.66	SpawnRate	0.5	0.4	3000	10	0	240	0.6	15	0.7	0.2	
0.3089594	0.2821635	-0.0267086	0	131993	169	866.66	SpawnRate	0.5	0.4	3000	10	0	240	0.6	15	0.7	0.2	
0.4084615	0.1178436	-0.1112807	0	132198	137	867.66	SpawnRate	0.5	0.4	3000	10	0	240	0.6	15	0.7	0.2	
-0.231262	0.4872667	0.1588676	0	132351	205	868.66	SpawnRate	0.5	0.4	3000	10	0	240	0.6	15	0.7	0.2	
-0.4254523	0.1908161	-0.2782701	0	132532	153	869.66	SpawnRate	0.5	0.4	3000	10	0	240	0.6	15	0.7	0.2	
0.2191918	0.2997974	-0.09929002	0	132681	181	870.66	SpawnRate	0.5	0.4	3000	10	0	240	0.6	15	0.7	0.2	
0.2953715	0.3327753	0.08123197	0	132868	149	871.66	SpawnRate	0.5	0.4	3000	10	0	240	0.6	15	0.7	0.2	
-0.4381755	0.362066	-0.4651408	0	133049	187	872.66	SpawnRate	0.5	0.4	3000	10	0	240	0.6	15	0.7	0.2	
0.4540753	0.2965714	-0.1903846	0	133213	181	873.66	SpawnRate	0.5	0.4	3000	10	0	240	0.6	15	0.7	0.2	
-0.2629863	0.3653846	-0.1130844	0	133386	164	874.66	SpawnRate	0.5	0.4	3000	10	0	240	0.6	15	0.7	0.2	
0.3186548	0.2385125	-0.271781	0	133541	173	875.66	SpawnRate	0.5	0.4	3000	10	0	240	0.6	15	0.7	0.2	
-0.09274769	0.2838938	-0.1909065	0	133682	155	876.66	SpawnRate	0.5	0.4	3000	10	0	240	0.6	15	0.7	0.2	
-0.1833828	0.1223111	0.01193062	0	133812	141	877.66	SpawnRate	0.5	0.4	3000	10	0	240	0.6	15	0.7	0.2	
0.2450511	0.2720109	0.02775386	0	133945	130	878.66	SpawnRate	0.5	0.4	3000	10	0	240	0.6	15	0.7	0.2	
-0.2816354	0.3888425	-0.1514957	0	134132	133	879.66	SpawnRate	0.5	0.4	3000	10	0	240	0.6	15	0.7	0.2	
0.1170979	0.4276985	-0.1107857	0	134285	187	880.66	SpawnRate	0.5	0.4	3000	10	0	240	0.6	15	0.7	0.2	
-0.2010252	0.205377	0.1057731	0	134484	153	881.66	SpawnRate	0.5	0.4	3000	10	0	240	0.6	15	0.7	0.2	
-0.306852	0.2441406	0.1769442	0	134687	199	882.66	SpawnRate	0.5	0.4	3000	10	0	240	0.6	15	0.7	0.2	
0.09553868	0.3511556	0.271696	0	134809	203	883.66	SpawnRate	0.5	0.4	3000	10	0	240	0.6	15	0.7	0.2	
0.2727039	0.3348172	0.1069314	0	134969	122	884.66	SpawnRate	0.5	0.4	3000	10	0	240	0.6	15	0.7	0.2	
-0.160731	0.1194697	0.1344393	0	135115	160	885.66	SpawnRate	0.5	0.4	3000	10	0	240	0.6	15	0.7	0.2	
-0.4911031	0.3905106	0.3534719	0	135250	146	886.66	SpawnRate	0.5	0.4	3000	10	0	240	0.6	15	0.7	0.2	
0.3996251	0.3021666	0.03989544	0	135423	135	887.66	SpawnRate	0.5	0.4	3000	10	0	240	0.6	15	0.7	0.2	
-0.3692529	0.4213272	-0.2782703	0	135599	173	888.66	SpawnRate	0.5	0.4	3000	10	0	240	0.6	15	0.7	0.2	
-0.3282348	0.3009077	0.4192191	0	135765	176	889.66	SpawnRate	0.5	0.4	3000	10	0	240	0.6	15	0.7	0.2	
-0.04052029	0.3718098	0.1512857	0	135960	166	890.66	SpawnRate	0.5	0.4	3000	10	0	240	0.6	15	0.7	0.2	
-0.282106	0.2242974	-0.08864772	0	136151	195	891.66	SpawnRate	0.5	0.4	3000	10	0	240	0.6	15	0.7	0.2	
0.4953018	0.1542338	-0.01309207	0	136309	191	892.66	SpawnRate	0.5	0.4	3000	10	0	240	0.6	15	0.7	0.2	
-0.1292807	0.4369478	-0.03745778	0	136502	158	893.66	SpawnRate	0.5	0.4	3000	10	0	240	0.6	15	0.7	0.2	
0.3927654	0.1226444	-0.09204238	0	136656	193	894.66	SpawnRate	0.5	0.4	3000	10	0	240	0.6	15	0.7	0.2	
0.2617926	0.3054715	0.4263071	0	136799	154	895.66	SpawnRate	0.5	0.4	3000	10	0	240	0.6	15	0.7	0.2	
-0.3556524	0.2500981	-0.2399013	0	136933	143	896.66	SpawnRate	0.5	0.4	3000	10	0	240	0.6	15	0.7	0.2	
-0.1251041	0.07312118	-0.001004251	0	137074	134	897.66	SpawnRate	0.5	0.4	3000	10	0	240	0.6	15	0.7	0.2	
-0.2665734	0.3093285	0.01200472	0	137220	141	898.66	SpawnRate	0.5	0.4	3000	10	0	240	0.6	15	0.7	0.2	
0.1526678	0.3691235	-0.06369092	0	137377	146	899.66	SpawnRate	0.5	0.4	3000	10	0	240	0.6	15	0.7	0.2	
-0.3102329	0.399796	-0.06764939	0	137560	157	900.66	SpawnRate	0.5	0.4	3000	10	0	240	0.6	15	0.7	0.2	
-0.1967265	0.2478471	-0.08575306	0	137693	183	901.66	SpawnRate	0.5	0.4	3000	10	0	240	0.6	15	0.7	0.2	
-0.009008058	0.2257584	0.1027307	0	137846	133	902.66	SpawnRate	0.5	0.4	3000	10	0	240	0.6	15	0.7	0.2	
0.06533442	0.4816809	-0.0599783	0	137966	153	903.66	SpawnRate	0.5	0.4	3000	10	0	240	0.6	15	0.7	0.2	
0.3770241	0.2921133	0.008140341	0	138092	120	904.66	SpawnRate	0.5	0.4	3000	10	0	240	0.6	15	0.7	0.2	
0.1284377	0.2285432	0.3601668	0	138240	126	905.66	SpawnRate	0.5	0.4	3000	10	0	240	0.6	15	0.7	0.2	
0.08747394	0.2655602	-0.4142312	0	138352	148	906.66	SpawnRate	0.5	0.4	3000	10	0	240	0.6	15	0.7	0.2	
0.08052425	0.3679189	-0.1169352	0	138519	112	907.66	SpawnRate	0.5	0.4	3000	10	0	240	0.6	15	0.7	0.2	
-0.2922454	0.5642262	-0.3952225	0	138641	167	908.66	SpawnRate	0.5	0.4	3000	10	0	240	0.6	15	0.7	0.2	
0.4411766	0.2516383	0.207592	0	138795	122	909.66	SpawnRate	0.5	0.4	3000	10	0	240	0.6	15	0.7	0.2	
-0.07662341	0.1016264	0.1611352	0	138939	154	910.66	SpawnRate	0.5	0.4	3000	10	0	240	0.6	15	0.7	0.2	
-0.2440554	0.4064094	-0.1990838	0	139068	144	911.66	SpawnRate	0.5	0.4	3000	10	0	240	0.6	15	0.7	0.2	
0.4005893	0.1352155	-0.08716014	0	139256	129	912.66	SpawnRate	0.5	0.4	3000	10	0	240	0.6	15	0.7	0.2	
0.2288342	0.2317311	-0.2571727	0	139413	188	913.66	SpawnRate	0.5	0.4	3000	10	0	240	0.6	15	0.7	0.2	
-0.1260559	0.3661909	-0.06870177	0	139557	157	914.66	SpawnRate	0.5	0.4	3000	10	0	240	0.6	15	0.7	0.2	
-0.02088156	0.2095664	0.3561258	0	139691	144	915.66	SpawnRate	0.5	0.4	3000	10	0	240	0.6	15	0.7	0.2	
-0.0659641	0.5195889	-0.2055998	0	139874	134	916.66	SpawnRate	0.5	0.4	3000	10	0	240	0.6	15	0.7	0.2	
-0.403032	0.3689922	-0.4786149	0	140038	183	917.66	SpawnRate	0.5	0.4	3000	10	0	240	0.6	15	0.7	0.2	
-0.1796237	0.1758148	0.473795	0	140200	164	918.66	SpawnRate	0.5	0.4	3000	10	0	240	0.6	15	0.7	0.2	
-0.3363707	0.2288657	0.2385187	0	140371	162	919.66	SpawnRate	0.5	0.4	3000	10	0	240	0.6	15	0.7	0.2	
-0.04555632	0.470704	-0.3115197	0	140530	171	920.66	SpawnRate	0.5	0.4	3000	10	0	240	0.6	15	0.7	0.2	
0.2222168	0.2289846	-0.3031427	0	140716	159	921.66	SpawnRate	0.5	0.4	3000	10	0	240	0.6	15	0.7	0.2	
0.4361132	0.3252732	0.1065376	0	140895	186	922.66	SpawnRate	0.5	0.4	3000	10	0	240	0.6	15	0.7	0.2	
-0.1787289	0.2484796	-0.2844835	0	141085	179	923.66	SpawnRate	0.5	0.4	3000	10	0	240	0.6	15	0.7	0.2	
0.4264539	0.1637119	-0.06763789	0	141261	190	924.66	SpawnRate	0.5	0.4	3000	10	0	240	0.6	15	0.7	0.2	
-0.2447228	0.1156455	0.2171544	0	141451	176	925.66	SpawnRate	0.5	0.4	3000	10	0	240	0.6	15	0.7	0.2	
0.05598234	0.4578825	0.1531063	0	141626	190	926.66	SpawnRate	0.5	0.4	3000	10	0	240	0.6	15	0.7	0.2	
-0.3690818	0.3499067	-0.4406767	0	141815	175	927.66	SpawnRate	0.5	0.4	3000	10	0	240	0.6	15	0.7	0.2	
0.110011	0.3529694	0.3305827	0	141991	189	928.66	SpawnRate	0.5	0.4	3000	10	0	240	0.6	15	0.7	0.2	
0.1310011	0.3293048	-0.09782559	0	142219	176	929.66	SpawnRate	0.5	0.4	3000	10	0	240	0.6	15	0.7	0.2	
0.08480361	0.334503	-0.07971744	0	142382	228	930.66	SpawnRate	0.5	0.4	3000	10	0	240	0.6	15	0.7	0.2	
0.1157571	0.2457998	0.3621126	0	142567	163	931.66	SpawnRate	0.5	0.4	3000	10	0	240	0.6	15	0.7	0.2	
0.08240671	0.4872155	0.07907496	0	142798	185	932.66	SpawnRate	0.5	0.4	3000	10	0	240	0.6	15	0.7	0.2	
0.008066623	0.4115217	-0.03170856	0	142982	231	933.66	SpawnRate	0.5	0.4	3000	10	0	240	0.6	15	0.7	0.2	
0.39317	0.2264616	-0.06691933	0	143189	184	934.66	SpawnRate	0.5	0.4	3000	10	0	240	0.6	15	0.7	0.2	
0.1657867	0.1366733	0.1590298	0	143346	207	935.66	SpawnRate	0.5	0.4	3000	10	0	240	0.6	15	0.7	0.2	
-0.4372588	0.3389376	0.3367388	0	143532	157	936.66	SpawnRate	0.5	0.4	3000	10	0	240	0.6	15	0.7	0.2	
0.4225513	0.2536236	0.2104802	0	143725	186	937.66	SpawnRate	0.5	0.4	3000	10	0	240	0.6	15	0.7	0.2	
-0.3376727	0.352346	-0.05092236	0	143893	193	938.66	SpawnRate	0.5	0.4	3000	10	0	240	0.6	15	0.7	0.2	
0.31284	0.3015105	0.1636313	0	144072	168	939.66	SpawnRate	0.5	0.4	3000	10	0	240	0.6	15	0.7	0.2	
0.02601239	0.3460393	-0.005096213	0	144213	179	940.66	SpawnRate	0.5	0.4	3000	10	0	240	0.6	15	0.7	0.2	
-0.2828644	0.2120157	-0.1373107	0	144385	141	941.66	SpawnRate	0.5	0.4	3000	10	0	240	0.6	15	0.7	0.2	
0.1083643	0.4563204	-0.2885121	0	144569	172	942.66	SpawnRate	0.5	0.4	3000	10	0	240	0.6	15	0.7	0.2	
0.3453116	0.270764	0.2099969	0	144736	184	943.66	SpawnRate	0.5	0.4	3000	10	0	240	0.6	15	0.7	0.2	
0.2092137	0.3360191	-0.05450484	0	144885	167	944.66	SpawnRate	0.5	0.4	3000	10	0	240	0.6	15	0.7	0.2	
0.116249	0.4779606	0.05738691	0	145052	149	945.66	SpawnRate	0.5	0.4	3000	10	0	240	0.6	15	0.7	0.2	
0.1004891	0.4722654	0.09401267	0	145227	167	946.66	SpawnRate	0.5	0.4	3000	10	0	240	0.6	15	0.7	0.2	
-0.263649	0.2157035	-0.06165164	0	145386	175	947.66	SpawnRate	0.5	0.4	3000	10	0	240	0.6	15	0.7	0.2	
0.04691667	0.08397726	0.1041044	0	145576	159	948.66	SpawnRate	0.5	0.4	3000	10	0	240	0.6	15	0.7	0.2	
0.3620901	0.303545	0.203175	0	145775	190	949.66	SpawnRate	0.5	0.4	3000	10	0	240	0.6	15	0.7	0.2	
0.4263574	0.2542525	-0.1303107	0	145969	199	950.66	SpawnRate	0.5	0.4	3000	10	0	240	0.6	15	0.7	0.2	
-0.212301	0.3078005	-0.06854604	0	146115	194	951.66	SpawnRate	0.5	0.4	3000	10	0	240	0.6	15	0.7	0.2	
0.2629451	0.3645326	0.1193409	0	146266	146	952.66	SpawnRate	0.5	0.4	3000	10	0	240	0.6	15	0.7	0.2	
0.3897948	0.2963982	-0.04405909	0	146432	151	953.66	SpawnRate	0.5	0.4	3000	10	0	240	0.6	15	0.7	0.2	
0.1101296	0.1502447	0.1542814	0	146624	166	954.66	SpawnRate	0.5	0.4	3000	10	0	240	0.6	15	0.7	0.2	
0.4707263	0.2347812	0.3335966	0	146777	192	955.66	SpawnRate	0.5	0.4	3000	10	0	240	0.6	15	0.7	0.2	
-0.08142582	0.2680495	-0.1921132	0	146948	153	956.66	SpawnRate	0.5	0.4	3000	10	0	240	0.6	15	0.7	0.2	
0.3490098	0.2809945	-0.01293271	0	147090	171	957.66	SpawnRate	0.5	0.4	3000	10	0	240	0.6	15	0.7	0.2	
0.2604583	0.07745029	-0.04696023	0	147254	142	958.66	SpawnRate	0.5	0.4	3000	10	0	240	0.6	15	0.7	0.2	
0.1256589	0.3367427	-0.08292786	0	147416	164	959.66	SpawnRate	0.5	0.4	3000	10	0	240	0.6	15	0.7	0.2	
-0.3752911	0.2925415	0.3775464	0	147526	162	960.66	SpawnRate	0.5	0.4	3000	10	0	240	0.6	15	0.7	0.2	
-0.3685564	0.3801451	-0.4153218	0	147676	110	961.66	SpawnRate	0.5	0.4	3000	10	0	240	0.6	15	0.7	0.2	
0.1135522	0.34104	-0.06583668	0	147838	150	962.66	SpawnRate	0.5	0.4	3000	10	0	240	0.6	15	0.7	0.2	
-0.2394098	0.3109603	0.1197737	0	147979	162	963.66	SpawnRate	0.5	0.4	3000	10	0	240	0.6	15	0.7	0.2	
0.2315672	0.1152297	-0.06603763	0	148119	141	964.66	SpawnRate	0.5	0.4	3000	10	1	240	0.6	15	0.7	0.2	
0.4736582	0.216738	0.4717306	0	148271	140	965.66	SpawnRate	0.5	0.4	3000	10	0	240	0.6	15	0.7	0.2	
-0.01543662	0.09710271	0.4903827	0	148421	152	966.66	SpawnRate	0.5	0.4	3000	10	0	240	0.6	15	0.7	0.2	
0.1044356	0.3594307	0.1047926	0	148594	150	967.66	SpawnRate	0.5	0.4	3000	10	0	240	0.6	15	0.7	0.2	
-0.4332175	0.4107525	0.3420698	0	148754	173	968.66	SpawnRate	0.5	0.4	3000	10	0	240	0.6	15	0.7	0.2	
-0.2841143	0.2468493	0.2186608	0	148947	160	969.66	SpawnRate	0.5	0.4	3000	10	0	240	0.6	15	0.7	0.2	
0.1238456	0.1145272	0.1749678	0	149097	193	970.66	SpawnRate	0.5	0.4	3000	10	0	240	0.6	15	0.7	0.2	
0.4779006	0.2108704	0.4045575	0	149277	150	971.66	SpawnRate	0.5	0.4	3000	10	0	240	0.6	15	0.7	0.2	
-0.01501401	0.08879804	0.2098674	0	149449	180	972.66	SpawnRate	0.5	0.4	3000	10	0	240	0.6	15	0.7	0.2	
0.3325454	0.1961412	-0.05335423	0	149616	172	973.66	SpawnRate	0.5	0.4	3000	10	0	240	0.6	15	0.7	0.2	
-0.2135691	0.2394687	0.1677621	0	149771	167	974.66	SpawnRate	0.5	0.4	3000	10	0	240	0.6	15	0.7	0.2	
0.06370115	0.2594087	-0.3610369	0	149929	155	975.66	SpawnRate	0.5	0.4	3000	10	0	240	0.6	15	0.7	0.2	
0.4785067	0.2304175	-0.4547726	0	150058	158	976.66	SpawnRate	0.5	0.4	3000	10	0	240	0.6	15	0.7	0.2	
0.3793238	0.2691626	0.1735076	0	150207	129	977.66	SpawnRate	0.5	0.4	3000	10	0	240	0.6	15	0.7	0.2	
-0.2797652	0.2556226	0.2424998	0	150383	149	978.66	SpawnRate	0.5	0.4	3000	10	0	240	0.6	15	0.7	0.2	
-0.2997651	0.1279541	-0.2004193	0	150501	176	979.66	SpawnRate	0.5	0.4	3000	10	0	240	0.6	15	0.7	0.2	
0.4686004	0.2018048	0.3241019	0	150676	118	980.66	SpawnRate	0.5	0.4	3000	10	0	240	0.6	15	0.7	0.2	
0.08105965	0.4310949	0.006706842	0	150796	175	981.66	SpawnRate	0.5	0.4	3000	10	0	240	0.6	15	0.7	0.2	
0.3792156	0.1213653	-0.0857302	0	150923	120	982.66	SpawnRate	0.5	0.4	3000	10	0	240	0.6	15	0.7	0.2	
0.4964794	0.2139574	0.3642153	0	151091	127	983.66	SpawnRate	0.5	0.4	3000	10	0	240	0.6	15	0.7	0.2	
-0.1190121	0.2422134	0.4287872	0	151222	168	984.66	SpawnRate	0.5	0.4	3000	10	0	240	0.6	15	0.7	0.2	
-0.399186	0.3705812	0.1155927	0	151336	131	985.66	SpawnRate	0.5	0.4	3000	10	0	240	0.6	15	0.7	0.2	
-0.1983079	0.09485263	-0.08844312	0	151479	114	986.66	SpawnRate	0.5	0.4	3000	10	0	240	0.6	15	0.7	0.2	
0.02527965	0.1309738	0.1418021	0	151590	143	987.66	SpawnRate	0.5	0.4	3000	10	0	240	0.6	15	0.7	0.2	
0.07332973	0.358758	0.315615	0	151752	111	988.66	SpawnRate	0.5	0.4	3000	10	0	240	0.6	15	0.7	0.2	
0.05905978	0.2391111	0.140773	0	151897	162	989.66	SpawnRate	0.5	0.4	3000	10	0	240	0.6	15	0.7	0.2	
-0.01403097	0.4892108	0.1417292	0	152053	145	990.66	SpawnRate	0.5	0.4	3000	10	0	240	0.6	15	0.7	0.2	
0.121611	0.1586282	0.2351432	0	152186	156	991.66	SpawnRate	0.5	0.4	3000	10	0	240	0.6	15	0.7	0.2	
0.1415162	0.1231699	0.02758923	0	152358	133	992.66	SpawnRate	0.5	0.4	3000	10	0	240	0.6	15	0.7	0.2	
0.4576733	0.2808157	-0.03365247	0	152522	172	993.66	SpawnRate	0.5	0.4	3000	10	0	240	0.6	15	0.7	0.2	
-0.3995539	0.2607319	0.3093862	0	152665	164	994.66	SpawnRate	0.5	0.4	3000	10	0	240	0.6	15	0.7	0.2	
0.1516261	0.2629	0.1582017	0	152834	143	995.66	SpawnRate	0.5	0.4	3000	10	0	240	0.6	15	0.7	0.2	
0.2202757	0.2041392	-0.4227876	0	153001	169	996.66	SpawnRate	0.5	0.4	3000	10	0	240	0.6	15	0.7	0.2	
0.2952799	0.2457288	-0.06873309	0	153170	167	997.66	SpawnRate	0.5	0.4	3000	10	0	240	0.6	15	0.7	0.2	
-0.3310758	0.2831172	-0.4687863	0	153321	169	998.66	SpawnRate	0.5	0.4	3000	10	0	240	0.6	15	0.7	0.2	
0.2617622	0.3828168	-0.05549208	0	153495	151	999.66	SpawnRate	0.5	0.4	3000	10	0	240	0.6	15	0.7	0.2	
-0.0595309	0.3230038	-0.2280268	0	153662	174	1000.66	SpawnRate	0.5	0.4	3000	10	0	240	0.6	15	0.7	0.2	
0.008238443	0.4212582	0.2116154	0	153821	167	1001.66	SpawnRate	0.5	0.4	3000	10	0	240	0.6	15	0.7	0.2	
-0.07129812	0.3403178	-0.2100761	0	153997	159	1002.66	SpawnRate	0.5	0.4	3000	10	0	240	0.6	15	0.7	0.2	
-0.3004408	0.09442104	-0.4834435	0	154181	176	1003.66	SpawnRate	0.5	0.4	3000	10	0	240	0.6	15	0.7	0.2	
-0.05476983	0.3816183	0.2684065	0	154326	184	1004.66	SpawnRate	0.5	0.4	3000	10	0	240	0.6	15	0.7	0.2	
-0.1853518	0.1847048	0.49968	0	154512	145	1005.66	SpawnRate	0.5	0.4	3000	10	0	240	0.6	15	0.7	0.2	
0.1241865	0.09669182	0.3409566	0	154661	186	1006.66	SpawnRate	0.5	0.4	3000	10	0	240	0.6	15	0.7	0.2	
-0.3344428	0.1924422	-0.155668	0	154872	149	1007.66	SpawnRate	0.5	0.4	3000	10	0	240	0.6	15	0.7	0.2	
-0.07384828	0.4692789	-0.1708366	0	155056	211	1008.66	SpawnRate	0.5	0.4	3000	10	0	240	0.6	15	0.7	0.2	
-0.322271	0.1038317	0.3281378	0	155249	184	1009.66	SpawnRate	0.5	0.4	3000	10	0	240	0.6	15	0.7	0.2	
0.1407137	0.396181	0.1970221	0	155437	193	1010.66	SpawnRate	0.5	0.4	3000	10	0	240	0.6	15	0.7	0.2	
-0.1525655	0.1626217	0.4553671	0	155593	188	1011.66	SpawnRate	0.5	0.4	3000	10	0	240	0.6	15	0.7	0.2	
0.2885837	0.3903374	0.2044847	0	155780	156	1012.66	SpawnRate	0.5	0.4	3000	10	0	240	0.6	15	0.7	0.2	
-0.2240739	0.2115816	0.4149209	0	155928	187	1013.66	SpawnRate	0.5	0.4	3000	10	0	240	0.6	15	0.7	0.2	
-0.005739053	0.4711995	0.09165427	0	156089	148	1014.66	SpawnRate	0.5	0.4	3000	10	0	240	0.6	15	0.7	0.2	
-0.4234802	0.3455574	0.1564	0	156247	161	1015.66	SpawnRate	0.5	0.4	3000	10	0	240	0.6	15	0.7	0.2	
0.3816597	0.2736381	0.4477806	0	156401	158	1016.66	SpawnRate	0.5	0.4	3000	10	0	240	0.6	15	0.7	0.2	
