LastReportedND_x	LastReportedND_y	LastReportedND_z	dronesDensity	totalConflicts	conflictFrequency	currentTime	testVariable	CurrentVariable	timeScale	runTime	queueLength	citySize	BCI	FAI	HVariability	ARVariability	
0	0	0	0	0	0	0.655	SpawnRate	1	0.3	200	0	240	0.6	15	0.7	0.2	
0	0	0	7.2337962962963E-07	0	0	1.655	SpawnRate	1	0.3	200	0	240	0.6	15	0.7	0.2	
0	0	0	1.73611111111111E-06	0	0	2.655	SpawnRate	1	0.3	200	0	240	0.6	15	0.7	0.2	
0	0	0	2.67650462962963E-06	0	0	3.655	SpawnRate	1	0.3	200	0	240	0.6	15	0.7	0.2	
0	0	0	3.61689814814815E-06	0	0	4.655	SpawnRate	1	0.3	200	0	240	0.6	15	0.7	0.2	
0	0	0	4.62962962962963E-06	0	0	5.655	SpawnRate	1	0.3	200	0	240	0.6	15	0.7	0.2	
0	0	0	5.57002314814815E-06	0	0	6.655	SpawnRate	1	0.3	200	0	240	0.6	15	0.7	0.2	
0	0	0	6.65509259259259E-06	0	0	7.655	SpawnRate	1	0.3	200	0	240	0.6	15	0.7	0.2	
0	0	0	7.52314814814815E-06	0	0	8.655	SpawnRate	1	0.3	200	0	240	0.6	15	0.7	0.2	
0	0	0	8.53587962962963E-06	0	0	9.655	SpawnRate	1	0.3	200	0	240	0.6	15	0.7	0.2	
0	0	0	9.54861111111111E-06	0	0	10.655	SpawnRate	1	0.3	200	0	240	0.6	15	0.7	0.2	
0	0	0	1.06336805555556E-05	0	0	11.655	SpawnRate	1	0.3	200	0	240	0.6	15	0.7	0.2	
0	0	0	1.15017361111111E-05	0	0	12.655	SpawnRate	1	0.3	200	0	240	0.6	15	0.7	0.2	
0	0	0	1.25868055555556E-05	0	0	13.655	SpawnRate	1	0.3	200	0	240	0.6	15	0.7	0.2	
0	0	0	1.34548611111111E-05	0	0	14.655	SpawnRate	1	0.3	200	0	240	0.6	15	0.7	0.2	
0	0	0	1.44675925925926E-05	0	0	15.655	SpawnRate	1	0.3	200	0	240	0.6	15	0.7	0.2	
0.48064	0.1207308	-0.4764453	1.54079861111111E-05	2	0	16.655	SpawnRate	1	0.3	200	0	240	0.6	15	0.7	0.2	
0.48064	0.1207308	-0.4764453	1.64930555555556E-05	2	2	17.655	SpawnRate	1	0.3	200	0	240	0.6	15	0.7	0.2	
-0.3574978	0.1024505	0.4651753	1.7505787037037E-05	8	0	18.655	SpawnRate	1	0.3	200	0	240	0.6	15	0.7	0.2	
-0.3574978	0.1024505	0.4651753	1.84461805555556E-05	8	6	19.655	SpawnRate	1	0.3	200	0	240	0.6	15	0.7	0.2	
0.1525414	0.1083689	0.4841294	1.93865740740741E-05	13	0	20.655	SpawnRate	1	0.3	200	0	240	0.6	15	0.7	0.2	
-0.3489469	0.1446772	0.4208595	2.03993055555556E-05	15	5	21.655	SpawnRate	1	0.3	200	0	240	0.6	15	0.7	0.2	
0.4468722	0.2063343	0.4119627	2.1484375E-05	20	2	22.655	SpawnRate	1	0.3	200	0	240	0.6	15	0.7	0.2	
-0.3495883	0.09808332	0.4762054	2.24247685185185E-05	24	5	23.655	SpawnRate	1	0.3	200	0	240	0.6	15	0.7	0.2	
-0.3459289	0.0912225	0.4424484	2.3365162037037E-05	31	4	24.655	SpawnRate	1	0.3	200	0	240	0.6	15	0.7	0.2	
0.4501419	0.0743306	-0.2536657	2.43778935185185E-05	46	7	25.655	SpawnRate	1	0.3	200	0	240	0.6	15	0.7	0.2	
-0.5056912	0.2142974	-0.331791	2.51736111111111E-05	55	15	26.655	SpawnRate	1	0.3	200	0	240	0.6	15	0.7	0.2	
0.4833036	0.1161579	-0.4314148	2.61140046296296E-05	72	9	27.655	SpawnRate	1	0.3	200	0	240	0.6	15	0.7	0.2	
0.4243388	0.1210248	-0.4887566	2.71267361111111E-05	83	17	28.655	SpawnRate	1	0.3	200	0	240	0.6	15	0.7	0.2	
0.2478609	0.1183903	-0.1383699	2.82841435185185E-05	96	11	29.655	SpawnRate	1	0.3	200	0	240	0.6	15	0.7	0.2	
-0.3516726	0.1821077	0.4608121	2.91521990740741E-05	104	13	30.655	SpawnRate	1	0.3	200	0	240	0.6	15	0.7	0.2	
-0.4314372	0.3819891	0.08557478	3.01649305555556E-05	117	8	31.655	SpawnRate	1	0.3	200	0	240	0.6	15	0.7	0.2	
0.0587148	0.11562	-0.3481321	3.11053240740741E-05	137	13	32.655	SpawnRate	1	0.3	200	0	240	0.6	15	0.7	0.2	
0.4007089	0.1172005	-0.5004018	3.19733796296296E-05	164	20	33.655	SpawnRate	1	0.3	200	0	240	0.6	15	0.7	0.2	
0.4535608	0.1231821	-0.04535589	3.30584490740741E-05	188	27	34.655	SpawnRate	1	0.3	200	0	240	0.6	15	0.7	0.2	
0.08088792	0.1567942	-0.4224831	3.40711805555556E-05	210	24	35.655	SpawnRate	1	0.3	200	0	240	0.6	15	0.7	0.2	
0.4502729	0.1275474	-0.1263425	3.5083912037037E-05	267	22	36.655	SpawnRate	1	0.3	200	0	240	0.6	15	0.7	0.2	
0.3050679	0.1235866	-0.135877	3.60243055555556E-05	290	57	37.655	SpawnRate	1	0.3	200	0	240	0.6	15	0.7	0.2	
-0.154604	0.1571669	0.4809462	3.69646990740741E-05	329	23	38.655	SpawnRate	1	0.3	200	0	240	0.6	15	0.7	0.2	
-0.3848185	0.1036692	0.3002015	3.78327546296296E-05	369	39	39.655	SpawnRate	1	0.3	200	0	240	0.6	15	0.7	0.2	
-0.4579369	0.09456623	0.3071756	3.87731481481482E-05	412	40	40.655	SpawnRate	1	0.3	200	0	240	0.6	15	0.7	0.2	
-0.3244656	0.09192058	-0.4980153	3.95688657407407E-05	467	43	41.655	SpawnRate	1	0.3	200	0	240	0.6	15	0.7	0.2	
-0.2320043	0.578182	-0.4523371	4.05092592592593E-05	531	55	42.655	SpawnRate	1	0.3	200	0	240	0.6	15	0.7	0.2	
0.3871491	0.3528336	0.2771492	4.14496527777778E-05	598	64	43.655	SpawnRate	1	0.3	200	0	240	0.6	15	0.7	0.2	
-0.1912691	0.0853029	0.08319159	4.23900462962963E-05	652	67	44.655	SpawnRate	1	0.3	200	0	240	0.6	15	0.7	0.2	
0.2594173	0.4321627	0.1939138	4.31134259259259E-05	708	54	45.655	SpawnRate	1	0.3	200	0	240	0.6	15	0.7	0.2	
0.3718987	0.2865199	0.1730908	4.38368055555556E-05	775	56	46.655	SpawnRate	1	0.3	200	1	240	0.6	15	0.7	0.2	
0.227929	0.1140135	-0.1498129	4.4849537037037E-05	892	67	47.655	SpawnRate	1	0.3	200	0	240	0.6	15	0.7	0.2	
0.2656733	0.3471308	0.09820852	4.56452546296296E-05	980	117	48.655	SpawnRate	1	0.3	200	0	240	0.6	15	0.7	0.2	
0.4380496	0.2607512	0.2588232	4.65133101851852E-05	1070	88	49.655	SpawnRate	1	0.3	200	0	240	0.6	15	0.7	0.2	
-0.3531707	0.08833269	-0.4923423	4.71643518518519E-05	1164	90	50.655	SpawnRate	1	0.3	200	0	240	0.6	15	0.7	0.2	
0.4422303	0.1819429	0.4552994	4.78153935185185E-05	1274	94	51.655	SpawnRate	1	0.3	200	1	240	0.6	15	0.7	0.2	
-0.512304	0.4114444	0.08355767	4.86834490740741E-05	1353	110	52.655	SpawnRate	1	0.3	200	0	240	0.6	15	0.7	0.2	
-0.3483067	0.2522011	-0.2567577	4.92621527777778E-05	1430	79	53.655	SpawnRate	1	0.3	200	0	240	0.6	15	0.7	0.2	
0.02936366	0.09543521	0.2343971	5.01302083333333E-05	1547	77	54.655	SpawnRate	1	0.3	200	0	240	0.6	15	0.7	0.2	
-0.4310728	0.4824322	0.2530257	5.09982638888889E-05	1650	117	55.655	SpawnRate	1	0.3	200	0	240	0.6	15	0.7	0.2	
-0.09038346	0.07697546	-0.02852856	5.17216435185185E-05	1779	103	56.655	SpawnRate	1	0.3	200	0	240	0.6	15	0.7	0.2	
0.4218625	0.1879342	0.4015723	5.24450231481481E-05	1898	129	57.655	SpawnRate	1	0.3	200	1	240	0.6	15	0.7	0.2	
0.06346709	0.4645939	-0.2300242	5.31684027777778E-05	2029	119	58.655	SpawnRate	1	0.3	200	0	240	0.6	15	0.7	0.2	
0.295801	0.1322184	-0.1162189	5.41087962962963E-05	2157	131	59.655	SpawnRate	1	0.3	200	0	240	0.6	15	0.7	0.2	
-0.1402578	0.08718579	-0.217291	5.4615162037037E-05	2294	128	60.655	SpawnRate	1	0.3	200	0	240	0.6	15	0.7	0.2	
-0.372464	0.2489552	0.4305452	5.55555555555556E-05	2477	137	61.655	SpawnRate	1	0.3	200	0	240	0.6	15	0.7	0.2	
0.1586623	0.102232	0.1534234	5.60619212962963E-05	2685	183	62.655	SpawnRate	1	0.3	200	0	240	0.6	15	0.7	0.2	
-0.1148919	0.361288	-0.4092927	5.6568287037037E-05	2872	208	63.655	SpawnRate	1	0.3	200	0	240	0.6	15	0.7	0.2	
0.2189171	0.2390601	-0.2917055	5.72916666666667E-05	3007	187	64.655	SpawnRate	1	0.3	200	0	240	0.6	15	0.7	0.2	
0.4214248	0.1045719	-0.140801	5.80873842592593E-05	3169	135	65.655	SpawnRate	1	0.3	200	1	240	0.6	15	0.7	0.2	
-0.2617584	0.4179816	0.2035161	5.87384259259259E-05	3335	162	66.655	SpawnRate	1	0.3	200	0	240	0.6	15	0.7	0.2	
-0.4682981	0.3845297	-0.1154589	5.94618055555556E-05	3530	166	67.655	SpawnRate	1	0.3	200	0	240	0.6	15	0.7	0.2	
0.4130431	0.1971932	-0.4591428	6.02575231481481E-05	3721	195	68.655	SpawnRate	1	0.3	200	0	240	0.6	15	0.7	0.2	
-0.07098325	0.4123354	-0.2739083	6.06915509259259E-05	3925	191	69.655	SpawnRate	1	0.3	200	0	240	0.6	15	0.7	0.2	
-0.4109879	0.4125366	-0.2537353	6.11979166666667E-05	4132	204	70.655	SpawnRate	1	0.3	200	1	240	0.6	15	0.7	0.2	
-0.3672302	0.09107712	0.3111748	6.21383101851852E-05	4331	207	71.655	SpawnRate	1	0.3	200	0	240	0.6	15	0.7	0.2	
-0.1273604	0.332568	-0.3675123	6.23553240740741E-05	4539	199	72.655	SpawnRate	1	0.3	200	0	240	0.6	15	0.7	0.2	
-0.3290806	0.5608836	-0.4077314	6.31510416666667E-05	4700	208	73.655	SpawnRate	1	0.3	200	0	240	0.6	15	0.7	0.2	
0.008793354	0.07958393	-0.4729094	6.41637731481482E-05	4908	161	74.655	SpawnRate	1	0.3	200	1	240	0.6	15	0.7	0.2	
0.4028821	0.2843452	0.1453971	6.45978009259259E-05	5128	208	75.655	SpawnRate	1	0.3	200	0	240	0.6	15	0.7	0.2	
-0.4263983	0.2881837	0.4026102	6.52488425925926E-05	5384	220	76.655	SpawnRate	1	0.3	200	0	240	0.6	15	0.7	0.2	
-0.3958115	0.2713383	0.412568	6.57552083333333E-05	5614	256	77.655	SpawnRate	1	0.3	200	0	240	0.6	15	0.7	0.2	
0.0410126	0.3568385	-0.1169311	6.56828703703704E-05	5853	230	78.655	SpawnRate	1	0.3	200	0	240	0.6	15	0.7	0.2	
0.2299318	0.1317052	-0.134943	6.62615740740741E-05	6118	239	79.655	SpawnRate	1	0.3	200	0	240	0.6	15	0.7	0.2	
0.234206	0.2284534	-0.244087	6.67679398148148E-05	6384	265	80.655	SpawnRate	1	0.3	200	0	240	0.6	15	0.7	0.2	
0.2202591	0.2354905	-0.2071737	6.70572916666667E-05	6659	266	81.655	SpawnRate	1	0.3	200	0	240	0.6	15	0.7	0.2	
-0.1350643	0.2149862	-0.04876086	6.75636574074074E-05	6900	275	82.655	SpawnRate	1	0.3	200	0	240	0.6	15	0.7	0.2	
0.2325614	0.3560499	-0.1762276	6.77806712962963E-05	7134	241	83.655	SpawnRate	1	0.3	200	0	240	0.6	15	0.7	0.2	
0.03402115	0.360678	-0.1240076	6.77806712962963E-05	7400	234	84.655	SpawnRate	1	0.3	200	0	240	0.6	15	0.7	0.2	
0.1006122	0.4782619	0.04272556	6.81423611111111E-05	7636	266	85.655	SpawnRate	1	0.3	200	0	240	0.6	15	0.7	0.2	
-0.0462683	0.08652747	0.468931	6.8359375E-05	7891	236	86.655	SpawnRate	1	0.3	200	0	240	0.6	15	0.7	0.2	
0.1406217	0.338504	-0.05629737	6.85763888888889E-05	8091	255	87.655	SpawnRate	1	0.3	200	0	240	0.6	15	0.7	0.2	
-0.2148338	0.2225153	0.3856983	6.91550925925926E-05	8351	200	88.655	SpawnRate	1	0.3	200	0	240	0.6	15	0.7	0.2	
-0.1743678	0.07300464	-0.1202175	6.98784722222222E-05	8597	260	89.655	SpawnRate	1	0.3	200	0	240	0.6	15	0.7	0.2	
0.3309481	0.09326109	0.4750906	7.03125E-05	8873	246	90.655	SpawnRate	1	0.3	200	0	240	0.6	15	0.7	0.2	
0.1676653	0.5012266	0.07674246	7.05295138888889E-05	9114	276	91.655	SpawnRate	1	0.3	200	0	240	0.6	15	0.7	0.2	
0.2342055	0.1067093	7.241567E-05	7.06741898148148E-05	9374	241	92.655	SpawnRate	1	0.3	200	0	240	0.6	15	0.7	0.2	
0.3375392	0.2522642	-0.03790452	7.08188657407407E-05	9605	260	93.655	SpawnRate	1	0.3	200	0	240	0.6	15	0.7	0.2	
0.4213685	0.3064472	0.04968313	7.07465277777778E-05	9830	231	94.655	SpawnRate	1	0.3	200	0	240	0.6	15	0.7	0.2	
0.3959885	0.1322866	-0.07921352	7.08188657407407E-05	10024	225	95.655	SpawnRate	1	0.3	200	0	240	0.6	15	0.7	0.2	
0.2891234	0.3233212	0.03110021	7.06018518518519E-05	10269	194	96.655	SpawnRate	1	0.3	200	0	240	0.6	15	0.7	0.2	
-0.2496052	0.4061593	-0.2323517	7.06741898148148E-05	10489	245	97.655	SpawnRate	1	0.3	200	0	240	0.6	15	0.7	0.2	
0.4785198	0.2275634	0.367802	7.09635416666667E-05	10717	220	98.655	SpawnRate	1	0.3	200	0	240	0.6	15	0.7	0.2	
-0.3087646	0.2420232	0.1066409	7.12528935185185E-05	10971	228	99.655	SpawnRate	1	0.3	200	0	240	0.6	15	0.7	0.2	
0.474477	0.1190262	-0.1641791	7.13975694444444E-05	11186	254	100.655	SpawnRate	1	0.3	200	0	240	0.6	15	0.7	0.2	
-0.2801407	0.2334899	0.1211408	7.17592592592593E-05	11432	215	101.655	SpawnRate	1	0.3	200	0	240	0.6	15	0.7	0.2	
0.2164683	0.2675152	-0.1107209	7.18315972222222E-05	11692	246	102.655	SpawnRate	1	0.3	200	0	240	0.6	15	0.7	0.2	
0.03367783	0.1117164	0.2165734	7.2193287037037E-05	11895	260	103.655	SpawnRate	1	0.3	200	0	240	0.6	15	0.7	0.2	
0.02862139	0.4126132	-0.00346969	7.24826388888889E-05	12124	203	104.655	SpawnRate	1	0.3	200	0	240	0.6	15	0.7	0.2	
0.1543665	0.5029907	0.08081573	7.28443287037037E-05	12360	229	105.655	SpawnRate	1	0.3	200	1	240	0.6	15	0.7	0.2	
-0.05085872	0.1235197	0.1426125	7.29890046296296E-05	12592	236	106.655	SpawnRate	1	0.3	200	0	240	0.6	15	0.7	0.2	
-0.4378134	0.4158099	0.1786229	7.32783564814815E-05	12814	232	107.655	SpawnRate	1	0.3	200	0	240	0.6	15	0.7	0.2	
-0.1017763	0.2216073	0.3773577	7.34953703703704E-05	13055	222	108.655	SpawnRate	1	0.3	200	1	240	0.6	15	0.7	0.2	
0.1329899	0.2598615	0.3692239	7.34230324074074E-05	13317	241	109.655	SpawnRate	1	0.3	200	0	240	0.6	15	0.7	0.2	
0.05725892	0.3348854	-0.09592101	7.33506944444444E-05	13554	262	110.655	SpawnRate	1	0.3	200	0	240	0.6	15	0.7	0.2	
-0.1567966	0.3859064	-0.07551362	7.35677083333333E-05	13850	237	111.655	SpawnRate	1	0.3	200	0	240	0.6	15	0.7	0.2	
0.01827097	0.1070622	0.0638812	7.36400462962963E-05	14091	296	112.655	SpawnRate	1	0.3	200	0	240	0.6	15	0.7	0.2	
0.2178604	0.2816211	0.3976041	7.37847222222222E-05	14385	241	113.655	SpawnRate	1	0.3	200	0	240	0.6	15	0.7	0.2	
-0.1535928	0.07331894	0.1482365	7.35677083333333E-05	14654	294	114.655	SpawnRate	1	0.3	200	0	240	0.6	15	0.7	0.2	
-0.05216147	0.3855786	-0.006231912	7.37847222222222E-05	14929	269	115.655	SpawnRate	1	0.3	200	0	240	0.6	15	0.7	0.2	
-0.1186194	0.07754453	0.1688837	7.37123842592593E-05	15199	275	116.655	SpawnRate	1	0.3	200	0	240	0.6	15	0.7	0.2	
-0.04690759	0.09476332	0.4686359	7.37847222222222E-05	15440	270	117.655	SpawnRate	1	0.3	200	0	240	0.6	15	0.7	0.2	
0.03623056	0.2253988	-0.3989696	7.35677083333333E-05	15738	241	118.655	SpawnRate	1	0.3	200	0	240	0.6	15	0.7	0.2	
-0.4485933	0.4993695	0.2376413	7.35677083333333E-05	15985	298	119.655	SpawnRate	1	0.3	200	0	240	0.6	15	0.7	0.2	
-0.478923	0.1977823	-0.2998474	7.37847222222222E-05	16243	247	120.655	SpawnRate	1	0.3	200	0	240	0.6	15	0.7	0.2	
0.3637026	0.2867723	0.1862672	7.37847222222222E-05	16505	258	121.655	SpawnRate	1	0.3	200	0	240	0.6	15	0.7	0.2	
0.4628977	0.2671345	-0.1043787	7.4291087962963E-05	16729	262	122.655	SpawnRate	1	0.3	200	0	240	0.6	15	0.7	0.2	
-0.1164435	0.09053354	0.1811735	7.4291087962963E-05	17044	224	123.655	SpawnRate	1	0.3	200	0	240	0.6	15	0.7	0.2	
-0.4645926	0.2771918	0.4174038	7.39293981481481E-05	17264	315	124.655	SpawnRate	1	0.3	200	0	240	0.6	15	0.7	0.2	
-0.4051888	0.3706939	-0.3416521	7.39293981481481E-05	17528	220	125.655	SpawnRate	1	0.3	200	0	240	0.6	15	0.7	0.2	
-0.470127	0.1401648	0.1703452	7.37123842592593E-05	17809	264	126.655	SpawnRate	1	0.3	200	0	240	0.6	15	0.7	0.2	
-0.4499433	0.3740484	0.1220729	7.39293981481481E-05	18063	281	127.655	SpawnRate	1	0.3	200	0	240	0.6	15	0.7	0.2	
-0.5050126	0.2726662	0.4010126	7.34953703703704E-05	18379	254	128.655	SpawnRate	1	0.3	200	0	240	0.6	15	0.7	0.2	
-0.0103748	0.2630215	-0.3729893	7.32783564814815E-05	18621	316	129.655	SpawnRate	1	0.3	200	0	240	0.6	15	0.7	0.2	
0.2977751	0.1477372	-0.04068492	7.33506944444444E-05	18881	242	130.655	SpawnRate	1	0.3	200	0	240	0.6	15	0.7	0.2	
0.2179255	0.3379597	0.05618537	7.34953703703704E-05	19157	260	131.655	SpawnRate	1	0.3	200	0	240	0.6	15	0.7	0.2	
0.4615052	0.09745156	-0.3975006	7.37123842592593E-05	19415	276	132.655	SpawnRate	1	0.3	200	0	240	0.6	15	0.7	0.2	
0.06919269	0.1061523	0.08525292	7.37123842592593E-05	19666	258	133.655	SpawnRate	1	0.3	200	0	240	0.6	15	0.7	0.2	
-0.4152467	0.3694099	-0.4303634	7.32060185185185E-05	19895	251	134.655	SpawnRate	1	0.3	200	0	240	0.6	15	0.7	0.2	
0.1358862	0.2716413	0.3611506	7.37847222222222E-05	20157	229	135.655	SpawnRate	1	0.3	200	0	240	0.6	15	0.7	0.2	
0.3877888	0.3103566	0.07064152	7.31336805555556E-05	20371	262	136.655	SpawnRate	1	0.3	200	0	240	0.6	15	0.7	0.2	
-0.2393656	0.3913356	-0.2888061	7.28443287037037E-05	20612	214	137.655	SpawnRate	1	0.3	200	1	240	0.6	15	0.7	0.2	
-0.07248967	0.2628788	-0.2452274	7.31336805555556E-05	20885	241	138.655	SpawnRate	1	0.3	200	0	240	0.6	15	0.7	0.2	
-0.1354177	0.4398783	-0.1731272	7.29166666666667E-05	21168	273	139.655	SpawnRate	1	0.3	200	0	240	0.6	15	0.7	0.2	
-0.2718706	0.2340062	0.1336444	7.31336805555556E-05	21435	283	140.655	SpawnRate	1	0.3	200	0	240	0.6	15	0.7	0.2	
0.159245	0.3823154	0.1497365	7.32060185185185E-05	21697	267	141.655	SpawnRate	1	0.3	200	0	240	0.6	15	0.7	0.2	
-0.2734708	0.07733191	-0.3543844	7.31336805555556E-05	21949	262	142.655	SpawnRate	1	0.3	200	0	240	0.6	15	0.7	0.2	
-0.270872	0.2259408	-0.07222939	7.29166666666667E-05	22202	252	143.655	SpawnRate	1	0.3	200	0	240	0.6	15	0.7	0.2	
0.08498646	0.2572421	-0.3710108	7.30613425925926E-05	22470	253	144.655	SpawnRate	1	0.3	200	1	240	0.6	15	0.7	0.2	
-0.2475393	0.3705792	-0.2987658	7.33506944444444E-05	22732	268	145.655	SpawnRate	1	0.3	200	0	240	0.6	15	0.7	0.2	
-0.212791	0.2058568	0.4343608	7.34230324074074E-05	22999	262	146.655	SpawnRate	1	0.3	200	0	240	0.6	15	0.7	0.2	
-0.2879146	0.2279076	-0.1200609	7.33506944444444E-05	23268	267	147.655	SpawnRate	1	0.3	200	0	240	0.6	15	0.7	0.2	
0.2938854	0.2556819	0.4251759	7.33506944444444E-05	23544	269	148.655	SpawnRate	1	0.3	200	0	240	0.6	15	0.7	0.2	
-0.1909908	0.1162262	0.1462657	7.32783564814815E-05	23773	276	149.655	SpawnRate	1	0.3	200	1	240	0.6	15	0.7	0.2	
-0.1030376	0.3421271	0.2774216	7.31336805555556E-05	24023	229	150.655	SpawnRate	1	0.3	200	0	240	0.6	15	0.7	0.2	
-0.2851222	0.2345934	0.08275267	7.35677083333333E-05	24247	250	151.655	SpawnRate	1	0.3	200	0	240	0.6	15	0.7	0.2	
-0.07140509	0.3677402	-0.03751332	7.34230324074074E-05	24489	224	152.655	SpawnRate	1	0.3	200	0	240	0.6	15	0.7	0.2	
-0.0115476	0.3458415	-0.0285938	7.35677083333333E-05	24737	242	153.655	SpawnRate	1	0.3	200	0	240	0.6	15	0.7	0.2	
0.1209235	0.3325475	0.1576394	7.31336805555556E-05	25019	248	154.655	SpawnRate	1	0.3	200	1	240	0.6	15	0.7	0.2	
-0.09966428	0.3805857	-0.4046841	7.34230324074074E-05	25297	282	155.655	SpawnRate	1	0.3	200	0	240	0.6	15	0.7	0.2	
0.3805255	0.3007407	0.1505085	7.38570601851852E-05	25507	278	156.655	SpawnRate	1	0.3	200	0	240	0.6	15	0.7	0.2	
-0.2950078	0.2386317	-0.1200403	7.39293981481481E-05	25738	210	157.655	SpawnRate	1	0.3	200	0	240	0.6	15	0.7	0.2	
0.01453215	0.3343522	-0.1419477	7.40740740740741E-05	25942	231	158.655	SpawnRate	1	0.3	200	0	240	0.6	15	0.7	0.2	
-0.2008178	0.1230662	-0.03510011	7.38570601851852E-05	26177	204	159.655	SpawnRate	1	0.3	200	0	240	0.6	15	0.7	0.2	
-0.0924757	0.3551855	0.2481699	7.37847222222222E-05	26450	235	160.655	SpawnRate	1	0.3	200	0	240	0.6	15	0.7	0.2	
0.02848008	0.3675589	0.04906797	7.35677083333333E-05	26655	273	161.655	SpawnRate	1	0.3	200	0	240	0.6	15	0.7	0.2	
-0.3216287	0.255735	0.4200782	7.36400462962963E-05	26904	205	162.655	SpawnRate	1	0.3	200	0	240	0.6	15	0.7	0.2	
-0.1415651	0.3797571	-0.2855603	7.34953703703704E-05	27143	249	163.655	SpawnRate	1	0.3	200	1	240	0.6	15	0.7	0.2	
0.05784467	0.4283347	0.1831867	7.37847222222222E-05	27376	239	164.655	SpawnRate	1	0.3	200	0	240	0.6	15	0.7	0.2	
0.1812105	0.3625578	0.212804	7.32783564814815E-05	27668	233	165.655	SpawnRate	1	0.3	200	0	240	0.6	15	0.7	0.2	
0.1522138	0.1121541	0.4809825	7.35677083333333E-05	27942	292	166.655	SpawnRate	1	0.3	200	0	240	0.6	15	0.7	0.2	
-0.1013966	0.3481724	-0.2176084	7.31336805555556E-05	28129	274	167.655	SpawnRate	1	0.3	200	1	240	0.6	15	0.7	0.2	
-0.06572666	0.3860814	-0.0175897	7.29890046296296E-05	28328	187	168.655	SpawnRate	1	0.3	200	0	240	0.6	15	0.7	0.2	
-0.1078486	0.07908421	0.1688032	7.25549768518518E-05	28525	199	169.655	SpawnRate	1	0.3	200	1	240	0.6	15	0.7	0.2	
-0.1879696	0.3245079	-0.3143077	7.24826388888889E-05	28716	197	170.655	SpawnRate	1	0.3	200	0	240	0.6	15	0.7	0.2	
-0.3747968	0.1103084	-0.4918571	7.25549768518518E-05	28935	191	171.655	SpawnRate	1	0.3	200	1	240	0.6	15	0.7	0.2	
0.1508219	0.2313735	-0.0645436	7.26273148148148E-05	29142	219	172.655	SpawnRate	1	0.3	200	0	240	0.6	15	0.7	0.2	
0.224068	0.2400134	-0.2091895	7.20486111111111E-05	29355	207	173.655	SpawnRate	1	0.3	200	0	240	0.6	15	0.7	0.2	
-0.321254	0.3774204	0.0822634	7.20486111111111E-05	29571	213	174.655	SpawnRate	1	0.3	200	0	240	0.6	15	0.7	0.2	
0.3716148	0.3641223	0.3561281	7.19762731481481E-05	29756	216	175.655	SpawnRate	1	0.3	200	0	240	0.6	15	0.7	0.2	
0.1161126	0.3758848	0.1650916	7.19762731481481E-05	29969	185	176.655	SpawnRate	1	0.3	200	0	240	0.6	15	0.7	0.2	
0.1230035	0.1351964	0.007591629	7.13252314814815E-05	30171	213	177.655	SpawnRate	1	0.3	200	0	240	0.6	15	0.7	0.2	
0.067801	0.4670407	-0.2615626	7.10358796296296E-05	30389	202	178.655	SpawnRate	1	0.3	200	0	240	0.6	15	0.7	0.2	
-0.3658901	0.2540776	-0.4722754	7.0384837962963E-05	30607	218	179.655	SpawnRate	1	0.3	200	0	240	0.6	15	0.7	0.2	
0.3337893	0.2216222	-0.3380514	7.06741898148148E-05	30845	218	180.655	SpawnRate	1	0.3	200	0	240	0.6	15	0.7	0.2	
0.1236218	0.1041063	0.3637959	7.11082175925926E-05	31042	238	181.655	SpawnRate	1	0.3	200	0	240	0.6	15	0.7	0.2	
-0.357642	0.2392876	-0.4359019	7.13975694444444E-05	31281	197	182.655	SpawnRate	1	0.3	200	0	240	0.6	15	0.7	0.2	
-0.144307	0.386218	-0.06314011	7.15422453703704E-05	31515	239	183.655	SpawnRate	1	0.3	200	0	240	0.6	15	0.7	0.2	
-0.2162496	0.3861697	-0.135051	7.13975694444444E-05	31763	234	184.655	SpawnRate	1	0.3	200	0	240	0.6	15	0.7	0.2	
-0.2562452	0.2343021	0.06533273	7.14699074074074E-05	31994	248	185.655	SpawnRate	1	0.3	200	0	240	0.6	15	0.7	0.2	
-0.01719634	0.5103605	0.1083065	7.17592592592593E-05	32278	231	186.655	SpawnRate	1	0.3	200	0	240	0.6	15	0.7	0.2	
0.2666468	0.3426317	0.08810262	7.12528935185185E-05	32556	284	187.655	SpawnRate	1	0.3	200	0	240	0.6	15	0.7	0.2	
0.1889744	0.2516806	-0.1089713	7.13975694444444E-05	32815	278	188.655	SpawnRate	1	0.3	200	2	240	0.6	15	0.7	0.2	
-0.1161331	0.07799634	-0.03940115	7.12528935185185E-05	33031	259	189.655	SpawnRate	1	0.3	200	0	240	0.6	15	0.7	0.2	
-0.4109379	0.285382	0.4094095	7.16869212962963E-05	33301	216	190.655	SpawnRate	1	0.3	200	0	240	0.6	15	0.7	0.2	
0.4312125	0.1204611	-0.1726353	7.13975694444444E-05	33562	270	191.655	SpawnRate	1	0.3	200	0	240	0.6	15	0.7	0.2	
0.06962713	0.3432306	-0.1003342	7.16869212962963E-05	33759	261	192.655	SpawnRate	1	0.3	200	0	240	0.6	15	0.7	0.2	
-0.4146611	0.4752093	0.2591808	7.16869212962963E-05	34007	197	193.655	SpawnRate	1	0.3	200	0	240	0.6	15	0.7	0.2	
0.4308075	0.2605741	0.1901963	7.19762731481481E-05	34251	248	194.655	SpawnRate	1	0.3	200	0	240	0.6	15	0.7	0.2	
-0.2529855	0.2370578	0.07170871	7.18315972222222E-05	34490	244	195.655	SpawnRate	1	0.3	200	0	240	0.6	15	0.7	0.2	
0.2041831	0.2789205	0.4033316	7.19762731481481E-05	34706	239	196.655	SpawnRate	1	0.3	200	0	240	0.6	15	0.7	0.2	
-0.2951944	0.5762386	-0.4253724	7.18315972222222E-05	34941	216	197.655	SpawnRate	1	0.3	200	1	240	0.6	15	0.7	0.2	
-0.285048	0.2777531	0.3982998	7.20486111111111E-05	35196	235	198.655	SpawnRate	1	0.3	200	0	240	0.6	15	0.7	0.2	
0.3945934	0.3088743	0.05121784	7.24826388888889E-05	35454	255	199.655	SpawnRate	1	0.3	200	0	240	0.6	15	0.7	0.2	
-0.3351024	0.2117177	0.4285526	7.2337962962963E-05	0	0	0.6499939	SpawnRate	2	0.05	200	0	240	0.6	15	0.7	0.2	
-0.3351024	0.2117177	0.4285526	1.30208333333333E-06	0	0	1.649994	SpawnRate	2	0.05	200	0	240	0.6	15	0.7	0.2	
-0.3351024	0.2117177	0.4285526	3.18287037037037E-06	0	0	2.649994	SpawnRate	2	0.05	200	0	240	0.6	15	0.7	0.2	
-0.3351024	0.2117177	0.4285526	5.06365740740741E-06	0	0	3.649994	SpawnRate	2	0.05	200	0	240	0.6	15	0.7	0.2	
-0.3351024	0.2117177	0.4285526	6.94444444444444E-06	0	0	4.649994	SpawnRate	2	0.05	200	0	240	0.6	15	0.7	0.2	
-0.3351024	0.2117177	0.4285526	8.82523148148148E-06	0	0	5.649994	SpawnRate	2	0.05	200	0	240	0.6	15	0.7	0.2	
-0.3351024	0.2117177	0.4285526	1.07060185185185E-05	0	0	6.649994	SpawnRate	2	0.05	200	0	240	0.6	15	0.7	0.2	
-0.3351024	0.2117177	0.4285526	1.25144675925926E-05	0	0	7.649994	SpawnRate	2	0.05	200	0	240	0.6	15	0.7	0.2	
-0.3351024	0.2117177	0.4285526	1.43952546296296E-05	0	0	8.649994	SpawnRate	2	0.05	200	0	240	0.6	15	0.7	0.2	
-0.3351024	0.2117177	0.4285526	1.62760416666667E-05	0	0	9.649994	SpawnRate	2	0.05	200	0	240	0.6	15	0.7	0.2	
-0.3351024	0.2117177	0.4285526	1.82291666666667E-05	0	0	10.64999	SpawnRate	2	0.05	200	0	240	0.6	15	0.7	0.2	
-0.3351024	0.2117177	0.4285526	2.01099537037037E-05	0	0	11.64999	SpawnRate	2	0.05	200	0	240	0.6	15	0.7	0.2	
-0.3351024	0.2117177	0.4285526	2.20630787037037E-05	0	0	12.64999	SpawnRate	2	0.05	200	0	240	0.6	15	0.7	0.2	
-0.3351024	0.2117177	0.4285526	2.37268518518519E-05	0	0	13.64999	SpawnRate	2	0.05	200	0	240	0.6	15	0.7	0.2	
0.4358625	0.1219219	-0.4912051	2.56799768518519E-05	1	0	14.64999	SpawnRate	2	0.05	200	0	240	0.6	15	0.7	0.2	
0.4785174	0.1206149	-0.4953757	2.75607638888889E-05	5	1	15.64999	SpawnRate	2	0.05	200	0	240	0.6	15	0.7	0.2	
0.490007	0.1217704	-0.5131525	2.9369212962963E-05	9	4	16.64999	SpawnRate	2	0.05	200	0	240	0.6	15	0.7	0.2	
0.5136167	0.1329366	-0.4978028	3.1322337962963E-05	13	4	17.64999	SpawnRate	2	0.05	200	0	240	0.6	15	0.7	0.2	
-0.4798711	0.3803495	-0.413328	3.29861111111111E-05	15	4	18.64999	SpawnRate	2	0.05	200	0	240	0.6	15	0.7	0.2	
-0.3519084	0.1098398	0.4984448	3.49392361111111E-05	22	2	19.64999	SpawnRate	2	0.05	200	0	240	0.6	15	0.7	0.2	
-0.4683008	0.07965466	0.3227166	3.66753472222222E-05	36	7	20.64999	SpawnRate	2	0.05	200	0	240	0.6	15	0.7	0.2	
-0.01295986	0.08714303	0.477183	3.84837962962963E-05	48	14	21.64999	SpawnRate	2	0.05	200	0	240	0.6	15	0.7	0.2	
-0.4787883	0.09549722	0.3075651	4.04369212962963E-05	61	12	22.64999	SpawnRate	2	0.05	200	0	240	0.6	15	0.7	0.2	
-0.4543671	0.09735525	0.3098776	4.23177083333333E-05	77	13	23.64999	SpawnRate	2	0.05	200	0	240	0.6	15	0.7	0.2	
0.3759529	0.143355	-0.4875506	4.41261574074074E-05	93	16	24.64999	SpawnRate	2	0.05	200	0	240	0.6	15	0.7	0.2	
-0.3447204	0.07757601	0.2837608	4.57899305555556E-05	118	16	25.64999	SpawnRate	2	0.05	200	0	240	0.6	15	0.7	0.2	
-0.4680685	0.2779448	0.397655	4.78153935185185E-05	146	25	26.64999	SpawnRate	2	0.05	200	0	240	0.6	15	0.7	0.2	
0.438852	0.2537119	0.3096053	4.96238425925926E-05	171	28	27.64999	SpawnRate	2	0.05	200	0	240	0.6	15	0.7	0.2	
-0.4292917	0.4578161	-0.5126933	5.14322916666667E-05	206	25	28.64999	SpawnRate	2	0.05	200	0	240	0.6	15	0.7	0.2	
-0.02404931	0.1043514	0.4755099	5.32407407407407E-05	240	35	29.64999	SpawnRate	2	0.05	200	0	240	0.6	15	0.7	0.2	
0.3561467	0.1190081	-0.06155879	5.51215277777778E-05	309	34	30.64999	SpawnRate	2	0.05	200	0	240	0.6	15	0.7	0.2	
0.4284709	0.1225881	-0.1176659	5.69299768518519E-05	361	69	31.64999	SpawnRate	2	0.05	200	0	240	0.6	15	0.7	0.2	
0.165706	0.1429723	0.4958958	5.8666087962963E-05	431	52	32.64999	SpawnRate	2	0.05	200	0	240	0.6	15	0.7	0.2	
0.419473	0.3082633	0.02022327	6.0474537037037E-05	512	70	33.64999	SpawnRate	2	0.05	200	0	240	0.6	15	0.7	0.2	
0.2605016	0.4598211	0.4586504	6.21383101851852E-05	623	81	34.64999	SpawnRate	2	0.05	200	0	240	0.6	15	0.7	0.2	
-0.4477822	0.3800565	-0.08756132	6.38020833333333E-05	741	111	35.64999	SpawnRate	2	0.05	200	0	240	0.6	15	0.7	0.2	
-0.08882923	0.1126674	0.4644656	6.56105324074074E-05	866	118	36.64999	SpawnRate	2	0.05	200	0	240	0.6	15	0.7	0.2	
0.403127	0.1163132	-0.473159	6.73466435185185E-05	1000	125	37.64999	SpawnRate	2	0.05	200	0	240	0.6	15	0.7	0.2	
-0.07129714	0.531128	0.4429375	6.90827546296296E-05	1139	134	38.64999	SpawnRate	2	0.05	200	0	240	0.6	15	0.7	0.2	
0.2698506	0.2529322	0.3755385	7.10358796296296E-05	1270	139	39.64999	SpawnRate	2	0.05	200	0	240	0.6	15	0.7	0.2	
0.3743324	0.1190813	-0.4866351	7.26273148148148E-05	1451	131	40.64999	SpawnRate	2	0.05	200	0	240	0.6	15	0.7	0.2	
-0.005925973	0.08534747	0.2049459	7.43634259259259E-05	1629	181	41.64999	SpawnRate	2	0.05	200	0	240	0.6	15	0.7	0.2	
0.2507951	0.2751087	0.3976894	7.6099537037037E-05	1837	178	42.64999	SpawnRate	2	0.05	200	0	240	0.6	15	0.7	0.2	
-0.275208	0.2168701	0.06483911	7.75462962962963E-05	2083	208	43.64999	SpawnRate	2	0.05	200	0	240	0.6	15	0.7	0.2	
0.1582155	0.1145171	0.1570737	7.94994212962963E-05	2406	246	44.64999	SpawnRate	2	0.05	200	0	240	0.6	15	0.7	0.2	
0.1240525	0.3431491	-0.09743039	8.12355324074074E-05	2713	323	45.64999	SpawnRate	2	0.05	200	0	240	0.6	15	0.7	0.2	
0.3074965	0.3079982	0.2147342	8.31163194444444E-05	3025	307	46.64999	SpawnRate	2	0.05	200	0	240	0.6	15	0.7	0.2	
0.2241794	0.2376871	-0.2847469	8.46354166666667E-05	3329	312	47.64999	SpawnRate	2	0.05	200	0	240	0.6	15	0.7	0.2	
0.4551161	0.124776	-0.1368359	8.62991898148148E-05	3682	304	48.64999	SpawnRate	2	0.05	200	0	240	0.6	15	0.7	0.2	
0.0994463	0.09166536	0.1497387	8.81799768518518E-05	4065	353	49.64999	SpawnRate	2	0.05	200	0	240	0.6	15	0.7	0.2	
0.2396826	0.3449692	0.08368587	8.9916087962963E-05	4475	383	50.64999	SpawnRate	2	0.05	200	0	240	0.6	15	0.7	0.2	
-0.04689766	0.1436929	0.4898258	9.15075231481482E-05	4889	410	51.64999	SpawnRate	2	0.05	200	0	240	0.6	15	0.7	0.2	
0.418209	0.3045253	0.02741563	9.32436342592593E-05	5286	414	52.64999	SpawnRate	2	0.05	200	0	240	0.6	15	0.7	0.2	
-0.2521247	0.2347122	0.06310247	9.46180555555556E-05	5719	397	53.64999	SpawnRate	2	0.05	200	0	240	0.6	15	0.7	0.2	
0.05516586	0.08971135	0.3123383	9.58478009259259E-05	6107	433	54.64999	SpawnRate	2	0.05	200	0	240	0.6	15	0.7	0.2	
0.3946298	0.1082918	-0.1417307	9.72222222222222E-05	6592	388	55.64999	SpawnRate	2	0.05	200	0	240	0.6	15	0.7	0.2	
0.297951	0.1042009	0.4788289	9.87413194444444E-05	7152	485	56.64999	SpawnRate	2	0.05	200	0	240	0.6	15	0.7	0.2	
0.4155656	0.3102056	0.04349206	0.000100043402777778	7672	560	57.64999	SpawnRate	2	0.05	200	0	240	0.6	15	0.7	0.2	
0.2803468	0.3681248	0.2269512	0.000101707175925926	8175	520	58.64999	SpawnRate	2	0.05	200	0	240	0.6	15	0.7	0.2	
-0.09334113	0.3253035	-0.3560435	0.000103153935185185	8668	503	59.64999	SpawnRate	2	0.05	200	0	240	0.6	15	0.7	0.2	
0.2671149	0.3423221	0.1349701	0.000104673032407407	9172	493	60.64999	SpawnRate	2	0.05	200	0	240	0.6	15	0.7	0.2	
0.3807972	0.1261144	-0.1021896	0.00010619212962963	9759	504	61.64999	SpawnRate	2	0.05	200	0	240	0.6	15	0.7	0.2	
-0.09856946	0.3298267	0.2557358	0.000107204861111111	10403	587	62.64999	SpawnRate	2	0.05	200	0	240	0.6	15	0.7	0.2	
-0.3417484	0.09040769	-0.4890827	0.000108434606481481	10984	644	63.64999	SpawnRate	2	0.05	200	0	240	0.6	15	0.7	0.2	
0.1112424	0.2931123	-0.009464646	0.000109881365740741	11529	581	64.64999	SpawnRate	2	0.05	200	0	240	0.6	15	0.7	0.2	
0.1182511	0.1044034	0.1502061	0.000111038773148148	12172	545	65.64999	SpawnRate	2	0.05	200	0	240	0.6	15	0.7	0.2	
-0.3522076	0.1184537	0.4198294	0.00011205150462963	12774	643	66.64999	SpawnRate	2	0.05	200	0	240	0.6	15	0.7	0.2	
0.2339985	0.09744798	0.01346134	0.000113208912037037	13391	602	67.64999	SpawnRate	2	0.05	200	0	240	0.6	15	0.7	0.2	
0.1423441	0.1248391	0.454621	0.00011451099537037	13952	617	68.64999	SpawnRate	2	0.05	200	0	240	0.6	15	0.7	0.2	
0.1462176	0.1281815	0.3228065	0.000116030092592593	14542	561	69.64999	SpawnRate	2	0.05	200	0	240	0.6	15	0.7	0.2	
-0.2770317	0.2240705	-0.0800264	0.000116825810185185	15183	590	70.64999	SpawnRate	2	0.05	200	0	240	0.6	15	0.7	0.2	
0.1225892	0.3661382	-0.01535625	0.000117983217592593	15803	641	71.64999	SpawnRate	2	0.05	200	0	240	0.6	15	0.7	0.2	
0.2408159	0.2233904	-0.2426554	0.000118851273148148	16443	620	72.64999	SpawnRate	2	0.05	200	0	240	0.6	15	0.7	0.2	
-0.4940434	0.5008454	0.2244906	0.00011986400462963	17085	640	73.64999	SpawnRate	2	0.05	200	0	240	0.6	15	0.7	0.2	
